0000 6.000000000000000000e+04 1.026044683521766501e+03 3.500000000000000000e+00 4.90E+03 1.2776e-05 1.71959e-06 0.754417 1.05388 0.0639429
0001 6.000000000000000000e+04 1.026044683521766501e+03 4.000000000000000000e+00 4.90E+03 5.38074e-06 6.50909e-07 0.436967 1.33938 0.0656288
0002 6.000000000000000000e+04 1.026044683521766501e+03 4.500000000000000000e+00 4.90E+03 6.88303e-06 8.06117e-07 0.379547 2.6366 0.110754
0003 6.000000000000000000e+04 1.291710751444522657e+03 3.500000000000000000e+00 6.17E+03 1.24569e-05 1.60662e-06 0.740891 1.12484 0.0692714
0004 6.000000000000000000e+04 1.291710751444522657e+03 4.000000000000000000e+00 6.17E+03 4.8368e-06 5.76213e-07 0.427434 1.36283 0.066694
0005 6.000000000000000000e+04 1.291710751444522657e+03 4.500000000000000000e+00 6.17E+03 5.92056e-06 6.88408e-07 0.378647 2.69467 0.112633
0006 6.000000000000000000e+04 1.626174978476519755e+03 3.500000000000000000e+00 7.77E+03 1.24355e-05 1.54178e-06 0.719477 1.20768 0.0755215
0007 6.000000000000000000e+04 1.626174978476519755e+03 4.000000000000000000e+00 7.77E+03 4.42822e-06 5.19773e-07 0.414363 1.38781 0.0678853
0008 6.000000000000000000e+04 1.626174978476519755e+03 4.500000000000000000e+00 7.77E+03 5.10482e-06 5.89604e-07 0.376009 2.75442 0.114514
0009 6.000000000000000000e+04 2.047228290505137920e+03 3.500000000000000000e+00 9.78E+03 1.26538e-05 1.51471e-06 0.685695 1.30114 0.0826511
0010 6.000000000000000000e+04 2.047228290505137920e+03 4.000000000000000000e+00 9.78E+03 4.12647e-06 4.77406e-07 0.395255 1.41067 0.069062
0011 6.000000000000000000e+04 2.047228290505137920e+03 4.500000000000000000e+00 9.78E+03 4.41872e-06 5.07148e-07 0.371473 2.81919 0.116471
0012 6.000000000000000000e+04 2.577319587628865520e+03 3.500000000000000000e+00 1.23E+04 1.30784e-05 1.51853e-06 0.636603 1.40862 0.0908967
0013 6.000000000000000000e+04 2.577319587628865520e+03 4.000000000000000000e+00 1.23E+04 3.91353e-06 4.46539e-07 0.368324 1.43081 0.0702531
0014 6.000000000000000000e+04 2.577319587628865520e+03 4.500000000000000000e+00 1.23E+04 3.84295e-06 4.38415e-07 0.364188 2.88785 0.118555
0015 6.000000000000000000e+04 3.244638181035417347e+03 3.500000000000000000e+00 1.55E+04 1.36992e-05 1.54999e-06 0.566587 1.53149 0.100395
0016 6.000000000000000000e+04 3.244638181035417347e+03 4.000000000000000000e+00 1.55E+04 3.78096e-06 4.25712e-07 0.331121 1.44655 0.0714313
0017 6.000000000000000000e+04 3.244638181035417347e+03 4.500000000000000000e+00 1.55E+04 3.35684e-06 3.80731e-07 0.352281 2.94711 0.120204
0018 6.000000000000000000e+04 4.084748052692324109e+03 3.500000000000000000e+00 1.95E+04 1.45297e-05 1.60819e-06 0.468904 1.67318 0.111409
0019 6.000000000000000000e+04 4.084748052692324109e+03 4.000000000000000000e+00 1.95E+04 3.70842e-06 4.12336e-07 0.278864 1.44394 0.0719113
0020 6.000000000000000000e+04 4.084748052692324109e+03 4.500000000000000000e+00 1.95E+04 2.96165e-06 3.33983e-07 0.335858 3.00033 0.121578
0021 6.000000000000000000e+04 5.142416805961092905e+03 3.500000000000000000e+00 2.46E+04 1.53553e-05 1.66849e-06 0.298208 1.65024 0.110611
0022 6.000000000000000000e+04 5.142416805961092905e+03 4.000000000000000000e+00 2.46E+04 3.68133e-06 4.04486e-07 0.20489 1.3926 0.0700608
0023 6.000000000000000000e+04 5.142416805961092905e+03 4.500000000000000000e+00 2.46E+04 2.62635e-06 2.9443e-07 0.31125 3.01439 0.121356
0024 6.000000000000000000e+04 6.473904288329098563e+03 3.500000000000000000e+00 3.09E+04 4.24354e-06 4.60089e-07 0.0896679 0.0470797 0.00264765
0025 6.000000000000000000e+04 6.473904288329098563e+03 4.000000000000000000e+00 3.09E+04 3.66685e-06 3.98559e-07 0.0977117 1.06814 0.0525081
0026 6.000000000000000000e+04 6.473904288329098563e+03 4.500000000000000000e+00 3.09E+04 2.35212e-06 2.62038e-07 0.277517 2.97235 0.118889
0027 6.000000000000000000e+04 8.150200155073142014e+03 3.500000000000000000e+00 3.89E+04 1.57783e-06 1.71211e-07 0.0535466 0.00476261 0.000267753
0028 6.000000000000000000e+04 8.150200155073142014e+03 4.000000000000000000e+00 3.89E+04 8.43158e-07 9.16063e-08 0.0270959 0.011714 0.000466081
0029 6.000000000000000000e+04 8.150200155073142014e+03 4.500000000000000000e+00 3.89E+04 2.1221e-06 2.34846e-07 0.230646 2.80375 0.111353
0030 6.000000000000000000e+04 1.026044683521766638e+04 3.500000000000000000e+00 4.90E+04 7.36295e-07 7.99361e-08 0.0366978 0.00121773 6.85076e-05
0031 6.000000000000000000e+04 1.026044683521766638e+04 4.000000000000000000e+00 4.90E+04 3.27392e-07 3.55914e-08 0.016647 0.00132478 5.27988e-05
0032 6.000000000000000000e+04 1.026044683521766638e+04 4.500000000000000000e+00 4.90E+04 1.92923e-06 2.11993e-07 0.167744 2.40144 0.0945622
0033 8.000000000000000000e+04 1.026044683521766501e+03 3.500000000000000000e+00 2.57E+03 2.24105e-05 2.98999e-06 0.73599 1.19602 0.0740407
0034 8.000000000000000000e+04 1.026044683521766501e+03 4.000000000000000000e+00 2.58E+03 8.77879e-06 1.06288e-06 0.421663 1.38865 0.0675549
0035 8.000000000000000000e+04 1.026044683521766501e+03 4.500000000000000000e+00 2.58E+03 1.08291e-05 1.27533e-06 0.367167 2.58396 0.106441
0036 8.000000000000000000e+04 1.291710751444522657e+03 3.500000000000000000e+00 3.24E+03 2.20381e-05 2.80991e-06 0.720733 1.29551 0.081309
0037 8.000000000000000000e+04 1.291710751444522657e+03 4.000000000000000000e+00 3.24E+03 7.92062e-06 9.42264e-07 0.41032 1.41426 0.0686945
0038 8.000000000000000000e+04 1.291710751444522657e+03 4.500000000000000000e+00 3.24E+03 9.27348e-06 1.08336e-06 0.36516 2.62203 0.107194
0039 8.000000000000000000e+04 1.626174978476519755e+03 3.500000000000000000e+00 4.08E+03 2.21274e-05 2.70782e-06 0.693635 1.40511 0.089432
0040 8.000000000000000000e+04 1.626174978476519755e+03 4.000000000000000000e+00 4.08E+03 7.28395e-06 8.51794e-07 0.393832 1.43817 0.0698063
0041 8.000000000000000000e+04 1.626174978476519755e+03 4.500000000000000000e+00 4.08E+03 7.96556e-06 9.23326e-07 0.361042 2.65606 0.107749
0042 8.000000000000000000e+04 2.047228290505137920e+03 3.500000000000000000e+00 5.14E+03 2.2698e-05 2.67997e-06 0.653364 1.53236 0.0989228
0043 8.000000000000000000e+04 2.047228290505137920e+03 4.000000000000000000e+00 5.14E+03 6.82852e-06 7.85615e-07 0.370307 1.46085 0.0709777
0044 8.000000000000000000e+04 2.047228290505137920e+03 4.500000000000000000e+00 5.14E+03 6.85758e-06 7.88901e-07 0.353384 2.67745 0.107788
0045 8.000000000000000000e+04 2.577319587628865520e+03 3.500000000000000000e+00 6.47E+03 2.35984e-05 2.70229e-06 0.591822 1.67383 0.109572
0046 8.000000000000000000e+04 2.577319587628865520e+03 4.000000000000000000e+00 6.47E+03 6.52269e-06 7.3913e-07 0.336498 1.47564 0.0719271
0047 8.000000000000000000e+04 2.577319587628865520e+03 4.500000000000000000e+00 6.47E+03 5.95405e-06 6.80014e-07 0.34299 2.69063 0.107353
0048 8.000000000000000000e+04 3.244638181035417347e+03 3.500000000000000000e+00 8.14E+03 2.49022e-05 2.77949e-06 0.5057 1.83828 0.122009
0049 8.000000000000000000e+04 3.244638181035417347e+03 4.000000000000000000e+00 8.14E+03 6.35924e-06 7.10596e-07 0.291089 1.4879 0.0729935
0050 8.000000000000000000e+04 3.244638181035417347e+03 4.500000000000000000e+00 8.14E+03 5.20867e-06 5.90671e-07 0.328651 2.6973 0.106626
0051 8.000000000000000000e+04 4.084748052692324109e+03 3.500000000000000000e+00 1.03E+04 2.6535e-05 2.8987e-06 0.382941 2.02215 0.136071
0052 8.000000000000000000e+04 4.084748052692324109e+03 4.000000000000000000e+00 1.03E+04 6.29674e-06 6.94625e-07 0.228062 1.4818 0.0734357
0053 8.000000000000000000e+04 4.084748052692324109e+03 4.500000000000000000e+00 1.03E+04 4.58943e-06 5.1684e-07 0.307823 2.679 0.104982
0054 8.000000000000000000e+04 5.142416805961092905e+03 3.500000000000000000e+00 1.29E+04 1.07544e-05 1.1647e-06 0.111704 0.239545 0.0136153
0055 8.000000000000000000e+04 5.142416805961092905e+03 4.000000000000000000e+00 1.29E+04 6.33152e-06 6.90178e-07 0.141283 1.43251 0.0719797
0056 8.000000000000000000e+04 5.142416805961092905e+03 4.500000000000000000e+00 1.29E+04 4.08119e-06 4.5642e-07 0.278545 2.62044 0.101924
0057 8.000000000000000000e+04 6.473904288329098563e+03 3.500000000000000000e+00 1.62E+04 2.78794e-06 3.01977e-07 0.0514654 0.0114596 0.000641085
0058 8.000000000000000000e+04 6.473904288329098563e+03 4.000000000000000000e+00 1.62E+04 2.04978e-06 2.22453e-07 0.032221 0.0679867 0.00271349
0059 8.000000000000000000e+04 6.473904288329098563e+03 4.500000000000000000e+00 1.62E+04 3.67334e-06 4.07955e-07 0.239455 2.50424 0.0966934
0060 8.000000000000000000e+04 8.150200155073142014e+03 3.500000000000000000e+00 2.05E+04 1.09109e-06 1.18245e-07 0.0314244 0.00204939 0.000114747
0061 8.000000000000000000e+04 8.150200155073142014e+03 4.000000000000000000e+00 2.05E+04 5.45959e-07 5.92761e-08 0.0151735 0.00304976 0.000120858
0062 8.000000000000000000e+04 8.150200155073142014e+03 4.500000000000000000e+00 2.05E+04 3.34225e-06 3.68515e-07 0.186714 2.27854 0.087421
0063 8.000000000000000000e+04 1.026044683521766638e+04 3.500000000000000000e+00 2.57E+04 4.92986e-07 5.345e-08 0.0206469 0.000607007 3.40143e-05
0064 8.000000000000000000e+04 1.026044683521766638e+04 4.000000000000000000e+00 2.58E+04 2.15222e-07 2.33778e-08 0.00924313 0.000587663 2.33258e-05
0065 8.000000000000000000e+04 1.026044683521766638e+04 4.500000000000000000e+00 2.58E+04 3.07004e-06 3.35891e-07 0.115931 1.8287 0.0699068
0066 1.000000000000000000e+05 1.026044683521766501e+03 3.500000000000000000e+00 1.56E+03 3.19551e-05 4.29264e-06 0.720907 1.25393 0.0783423
0067 1.000000000000000000e+05 1.026044683521766501e+03 4.000000000000000000e+00 1.56E+03 1.23876e-05 1.507e-06 0.415745 1.41944 0.0687448
0068 1.000000000000000000e+05 1.026044683521766501e+03 4.500000000000000000e+00 1.56E+03 1.53877e-05 1.82163e-06 0.368829 2.66984 0.108268
0069 1.000000000000000000e+05 1.291710751444522657e+03 3.500000000000000000e+00 1.96E+03 3.14447e-05 4.02375e-06 0.709214 1.37688 0.0869874
0070 1.000000000000000000e+05 1.291710751444522657e+03 4.000000000000000000e+00 1.96E+03 1.11453e-05 1.33012e-06 0.403822 1.45052 0.0701999
0071 1.000000000000000000e+05 1.291710751444522657e+03 4.500000000000000000e+00 1.96E+03 1.30714e-05 1.53401e-06 0.363578 2.67859 0.108097
0072 1.000000000000000000e+05 1.626174978476519755e+03 3.500000000000000000e+00 2.47E+03 3.15709e-05 3.86906e-06 0.683979 1.50843 0.0964916
0073 1.000000000000000000e+05 1.626174978476519755e+03 4.000000000000000000e+00 2.47E+03 1.01916e-05 1.19387e-06 0.385835 1.47505 0.0713673
0074 1.000000000000000000e+05 1.626174978476519755e+03 4.500000000000000000e+00 2.47E+03 1.1161e-05 1.29876e-06 0.357104 2.67897 0.107447
0075 1.000000000000000000e+05 2.047228290505137920e+03 3.500000000000000000e+00 3.11E+03 3.22865e-05 3.81063e-06 0.642697 1.65344 0.107152
0076 1.000000000000000000e+05 2.047228290505137920e+03 4.000000000000000000e+00 3.11E+03 9.53541e-06 1.09758e-06 0.361931 1.50212 0.0727605
0077 1.000000000000000000e+05 2.047228290505137920e+03 4.500000000000000000e+00 3.11E+03 9.56962e-06 1.10442e-06 0.348088 2.66905 0.106225
0078 1.000000000000000000e+05 2.577319587628865520e+03 3.500000000000000000e+00 3.92E+03 3.35786e-05 3.8388e-06 0.581589 1.81842 0.119361
0079 1.000000000000000000e+05 2.577319587628865520e+03 4.000000000000000000e+00 3.92E+03 9.08856e-06 1.02917e-06 0.327574 1.52301 0.0740168
0080 1.000000000000000000e+05 2.577319587628865520e+03 4.500000000000000000e+00 3.92E+03 8.25063e-06 9.44426e-07 0.335666 2.64969 0.1046
0081 1.000000000000000000e+05 3.244638181035417347e+03 3.500000000000000000e+00 4.93E+03 3.53761e-05 3.9376e-06 0.492669 2.00656 0.133353
0082 1.000000000000000000e+05 3.244638181035417347e+03 4.000000000000000000e+00 4.94E+03 8.83133e-06 9.85352e-07 0.280083 1.5365 0.0751393
0083 1.000000000000000000e+05 3.244638181035417347e+03 4.500000000000000000e+00 4.94E+03 7.17351e-06 8.14618e-07 0.319444 2.62012 0.102454
0084 1.000000000000000000e+05 4.084748052692324109e+03 3.500000000000000000e+00 6.21E+03 3.75522e-05 4.08544e-06 0.352523 2.17358 0.146208
0085 1.000000000000000000e+05 4.084748052692324109e+03 4.000000000000000000e+00 6.21E+03 8.743e-06 9.62536e-07 0.215297 1.5411 0.0761516
0086 1.000000000000000000e+05 4.084748052692324109e+03 4.500000000000000000e+00 6.21E+03 6.28361e-06 7.08051e-07 0.29724 2.56616 0.0992792
0087 1.000000000000000000e+05 5.142416805961092905e+03 3.500000000000000000e+00 7.82E+03 1.07305e-05 1.16138e-06 0.0940012 0.157898 0.00891255
0088 1.000000000000000000e+05 5.142416805961092905e+03 4.000000000000000000e+00 7.82E+03 8.78758e-06 9.55694e-07 0.124519 1.49781 0.075046
0089 1.000000000000000000e+05 5.142416805961092905e+03 4.500000000000000000e+00 7.82E+03 5.56593e-06 6.22435e-07 0.267802 2.48429 0.0951071
0090 1.000000000000000000e+05 6.473904288329098563e+03 3.500000000000000000e+00 9.84E+03 2.86139e-06 3.09671e-07 0.0438962 0.0101391 0.000565636
0091 1.000000000000000000e+05 6.473904288329098563e+03 4.000000000000000000e+00 9.85E+03 2.00845e-06 2.17877e-07 0.0267191 0.042282 0.00167994
0092 1.000000000000000000e+05 6.473904288329098563e+03 4.500000000000000000e+00 9.85E+03 4.99059e-06 5.5389e-07 0.228301 2.35256 0.0892828
0093 1.000000000000000000e+05 8.150200155073142014e+03 3.500000000000000000e+00 1.24E+04 1.07202e-06 1.16069e-07 0.0255523 0.00188938 0.000105434
0094 1.000000000000000000e+05 8.150200155073142014e+03 4.000000000000000000e+00 1.24E+04 5.4322e-07 5.89415e-08 0.0125086 0.00268939 0.000106248
0095 1.000000000000000000e+05 8.150200155073142014e+03 4.500000000000000000e+00 1.24E+04 4.54057e-06 5.0012e-07 0.175382 2.13519 0.0806326
0096 1.000000000000000000e+05 1.026044683521766638e+04 3.500000000000000000e+00 1.56E+04 4.59643e-07 4.97881e-08 0.0159822 0.000550965 3.07716e-05
0097 1.000000000000000000e+05 1.026044683521766638e+04 4.000000000000000000e+00 1.56E+04 2.02578e-07 2.19877e-08 0.00719803 0.000535631 2.11857e-05
0098 1.000000000000000000e+05 1.026044683521766638e+04 4.500000000000000000e+00 1.56E+04 4.16911e-06 4.55561e-07 0.103004 1.72575 0.06534
0099 1.200000000000000000e+05 1.026044683521766501e+03 3.500000000000000000e+00 1.07E+03 3.67777e-05 5.00171e-06 0.737605 1.28691 0.0807743
0100 1.200000000000000000e+05 1.026044683521766501e+03 4.000000000000000000e+00 1.07E+03 1.4597e-05 1.7849e-06 0.43546 1.5389 0.075293
0101 1.200000000000000000e+05 1.026044683521766501e+03 4.500000000000000000e+00 1.07E+03 1.88089e-05 2.22852e-06 0.38832 3.20389 0.129865
0102 1.200000000000000000e+05 1.291710751444522657e+03 3.500000000000000000e+00 1.35E+03 3.60693e-05 4.65836e-06 0.726361 1.41891 0.0898605
0103 1.200000000000000000e+05 1.291710751444522657e+03 4.000000000000000000e+00 1.35E+03 1.30005e-05 1.55863e-06 0.420084 1.55691 0.0759016
0104 1.200000000000000000e+05 1.291710751444522657e+03 4.500000000000000000e+00 1.35E+03 1.58537e-05 1.86304e-06 0.38303 3.19441 0.128716
0105 1.200000000000000000e+05 1.626174978476519755e+03 3.500000000000000000e+00 1.70E+03 3.6089e-05 4.4526e-06 0.700985 1.5592 0.0998148
0106 1.200000000000000000e+05 1.626174978476519755e+03 4.000000000000000000e+00 1.70E+03 1.18025e-05 1.38787e-06 0.39934 1.57007 0.0763968
0107 1.200000000000000000e+05 1.626174978476519755e+03 4.500000000000000000e+00 1.70E+03 1.34007e-05 1.5621e-06 0.375124 3.14779 0.126123
0108 1.200000000000000000e+05 2.047228290505137920e+03 3.500000000000000000e+00 2.14E+03 3.67902e-05 4.36351e-06 0.659084 1.71199 0.110931
0109 1.200000000000000000e+05 2.047228290505137920e+03 4.000000000000000000e+00 2.14E+03 1.09127e-05 1.25962e-06 0.37097 1.5769 0.0766952
0110 1.200000000000000000e+05 2.047228290505137920e+03 4.500000000000000000e+00 2.14E+03 1.13696e-05 1.31477e-06 0.363928 3.07064 0.12223
0111 1.200000000000000000e+05 2.577319587628865520e+03 3.500000000000000000e+00 2.69E+03 3.82274e-05 4.384e-06 0.597298 1.88566 0.123738
0112 1.200000000000000000e+05 2.577319587628865520e+03 4.000000000000000000e+00 2.70E+03 1.03259e-05 1.17143e-06 0.334087 1.5851 0.0772439
0113 1.200000000000000000e+05 2.577319587628865520e+03 4.500000000000000000e+00 2.70E+03 9.71668e-06 1.11452e-06 0.349787 2.97969 0.11764
0114 1.200000000000000000e+05 3.244638181035417347e+03 3.500000000000000000e+00 3.39E+03 4.02273e-05 4.48486e-06 0.506308 2.08088 0.13828
0115 1.200000000000000000e+05 3.244638181035417347e+03 4.000000000000000000e+00 3.39E+03 9.99688e-06 1.11652e-06 0.284937 1.59124 0.0779476
0116 1.200000000000000000e+05 3.244638181035417347e+03 4.500000000000000000e+00 3.39E+03 8.3477e-06 9.49659e-07 0.330077 2.86688 0.11219
0117 1.200000000000000000e+05 4.084748052692324109e+03 3.500000000000000000e+00 4.27E+03 4.24946e-05 4.62397e-06 0.360118 2.24553 0.151091
0118 1.200000000000000000e+05 4.084748052692324109e+03 4.000000000000000000e+00 4.27E+03 9.86985e-06 1.08715e-06 0.218964 1.58999 0.0786333
0119 1.200000000000000000e+05 4.084748052692324109e+03 4.500000000000000000e+00 4.27E+03 7.22835e-06 8.15641e-07 0.303933 2.72825 0.105669
0120 1.200000000000000000e+05 5.142416805961092905e+03 3.500000000000000000e+00 5.38E+03 1.22787e-05 1.32881e-06 0.0962284 0.182811 0.010331
0121 1.200000000000000000e+05 5.142416805961092905e+03 4.000000000000000000e+00 5.38E+03 9.91671e-06 1.07864e-06 0.128308 1.55222 0.0778202
0122 1.200000000000000000e+05 5.142416805961092905e+03 4.500000000000000000e+00 5.38E+03 6.35697e-06 7.11541e-07 0.271952 2.57895 0.0987705
0123 1.200000000000000000e+05 6.473904288329098563e+03 3.500000000000000000e+00 6.77E+03 3.1474e-06 3.40523e-07 0.0432332 0.0114268 0.000636947
0124 1.200000000000000000e+05 6.473904288329098563e+03 4.000000000000000000e+00 6.77E+03 2.31057e-06 2.50619e-07 0.0273083 0.0507492 0.00201743
0125 1.200000000000000000e+05 6.473904288329098563e+03 4.500000000000000000e+00 6.77E+03 5.65388e-06 6.2782e-07 0.230241 2.39186 0.0906649
0126 1.200000000000000000e+05 8.150200155073142014e+03 3.500000000000000000e+00 8.52E+03 1.13914e-06 1.23296e-07 0.024288 0.00203667 0.000113518
0127 1.200000000000000000e+05 8.150200155073142014e+03 4.000000000000000000e+00 8.52E+03 5.92905e-07 6.43146e-08 0.0120982 0.00304265 0.000120064
0128 1.200000000000000000e+05 8.150200155073142014e+03 4.500000000000000000e+00 8.52E+03 5.11699e-06 5.63737e-07 0.176653 2.14856 0.0809298
0129 1.200000000000000000e+05 1.026044683521766638e+04 3.500000000000000000e+00 1.07E+04 4.70423e-07 5.09355e-08 0.0145903 0.000567382 3.16531e-05
0130 1.200000000000000000e+05 1.026044683521766638e+04 4.000000000000000000e+00 1.07E+04 2.11708e-07 2.29721e-08 0.00664981 0.000571581 2.25777e-05
0131 1.200000000000000000e+05 1.026044683521766638e+04 4.500000000000000000e+00 1.07E+04 4.6897e-06 5.12503e-07 0.105417 1.76064 0.0665478
0132 1.400000000000000000e+05 1.026044683521766501e+03 3.500000000000000000e+00 7.15E+02 4.64849e-05 6.42631e-06 0.904173 1.75868 0.114997
0133 1.400000000000000000e+05 1.026044683521766501e+03 4.000000000000000000e+00 7.15E+02 1.92172e-05 2.33663e-06 0.512898 2.51991 0.134525
0134 1.400000000000000000e+05 1.026044683521766501e+03 4.500000000000000000e+00 7.15E+02 2.82218e-05 3.28513e-06 0.434757 5.02952 0.208238
0135 1.400000000000000000e+05 1.291710751444522657e+03 3.500000000000000000e+00 9.00E+02 4.48047e-05 5.90907e-06 0.903112 1.90695 0.124697
0136 1.400000000000000000e+05 1.291710751444522657e+03 4.000000000000000000e+00 9.00E+02 1.66192e-05 1.99005e-06 0.497905 2.52141 0.133844
0137 1.400000000000000000e+05 1.291710751444522657e+03 4.500000000000000000e+00 9.00E+02 2.31685e-05 2.68216e-06 0.432422 5.15581 0.212947
0138 1.400000000000000000e+05 1.626174978476519755e+03 3.500000000000000000e+00 1.13E+03 4.39566e-05 5.55065e-06 0.885157 2.06511 0.135339
0139 1.400000000000000000e+05 1.626174978476519755e+03 4.000000000000000000e+00 1.13E+03 1.46649e-05 1.72877e-06 0.475979 2.49552 0.131728
0140 1.400000000000000000e+05 1.626174978476519755e+03 4.500000000000000000e+00 1.13E+03 1.89672e-05 2.18386e-06 0.426956 5.22108 0.215359
0141 1.400000000000000000e+05 2.047228290505137920e+03 3.500000000000000000e+00 1.43E+03 4.38806e-05 5.32643e-06 0.844399 2.23123 0.146926
0142 1.400000000000000000e+05 2.047228290505137920e+03 4.000000000000000000e+00 1.43E+03 1.31974e-05 1.53135e-06 0.444279 2.43803 0.12801
0143 1.400000000000000000e+05 2.047228290505137920e+03 4.500000000000000000e+00 1.43E+03 1.55039e-05 1.77542e-06 0.416872 5.21017 0.214713
0144 1.400000000000000000e+05 2.577319587628865520e+03 3.500000000000000000e+00 1.80E+03 4.40493e-05 5.15282e-06 0.759611 2.36691 0.157129
0145 1.400000000000000000e+05 2.577319587628865520e+03 4.000000000000000000e+00 1.80E+03 1.21065e-05 1.38232e-06 0.399803 2.34324 0.12235
0146 1.400000000000000000e+05 2.577319587628865520e+03 4.500000000000000000e+00 1.80E+03 1.27226e-05 1.44887e-06 0.402052 5.12399 0.210875
0147 1.400000000000000000e+05 3.244638181035417347e+03 3.500000000000000000e+00 2.26E+03 4.42188e-05 4.9943e-06 0.616092 2.4246 0.16252
0148 1.400000000000000000e+05 3.244638181035417347e+03 4.000000000000000000e+00 2.26E+03 1.13128e-05 1.27124e-06 0.338827 2.20976 0.11468
0149 1.400000000000000000e+05 3.244638181035417347e+03 4.500000000000000000e+00 2.26E+03 1.04787e-05 1.18632e-06 0.380202 4.9376 0.202572
0150 1.400000000000000000e+05 4.084748052692324109e+03 3.500000000000000000e+00 2.85E+03 4.4325e-05 4.84275e-06 0.397671 2.31223 0.155916
0151 1.400000000000000000e+05 4.084748052692324109e+03 4.000000000000000000e+00 2.85E+03 1.07922e-05 1.19418e-06 0.258125 2.01634 0.103802
0152 1.400000000000000000e+05 4.084748052692324109e+03 4.500000000000000000e+00 2.85E+03 8.75283e-06 9.84805e-07 0.351748 4.66808 0.190631
0153 1.400000000000000000e+05 5.142416805961092905e+03 3.500000000000000000e+00 3.58E+03 1.58935e-05 1.72007e-06 0.109627 0.291283 0.0165728
0154 1.400000000000000000e+05 5.142416805961092905e+03 4.000000000000000000e+00 3.58E+03 1.03885e-05 1.13252e-06 0.148768 1.65811 0.0838807
0155 1.400000000000000000e+05 5.142416805961092905e+03 4.500000000000000000e+00 3.58E+03 7.4142e-06 8.28745e-07 0.313636 4.28098 0.173603
0156 1.400000000000000000e+05 6.473904288329098563e+03 3.500000000000000000e+00 4.51E+03 3.66536e-06 3.96424e-07 0.0448716 0.0146606 0.00081716
0157 1.400000000000000000e+05 6.473904288329098563e+03 4.000000000000000000e+00 4.51E+03 3.14235e-06 3.40834e-07 0.0319025 0.0955625 0.00381849
0158 1.400000000000000000e+05 6.473904288329098563e+03 4.500000000000000000e+00 4.51E+03 6.41038e-06 7.11864e-07 0.267103 3.7821 0.151795
0159 1.400000000000000000e+05 8.150200155073142014e+03 3.500000000000000000e+00 5.68E+03 1.23513e-06 1.3357e-07 0.0234846 0.00220583 0.000122729
0160 1.400000000000000000e+05 8.150200155073142014e+03 4.000000000000000000e+00 5.68E+03 7.07498e-07 7.67212e-08 0.0126032 0.00403323 0.000159079
0161 1.400000000000000000e+05 8.150200155073142014e+03 4.500000000000000000e+00 5.68E+03 5.61737e-06 6.19184e-07 0.202718 3.09306 0.122372
0162 1.400000000000000000e+05 1.026044683521766638e+04 3.500000000000000000e+00 7.15E+03 4.57864e-07 4.94854e-08 0.012696 0.000477131 2.64679e-05
0163 1.400000000000000000e+05 1.026044683521766638e+04 4.000000000000000000e+00 7.15E+03 2.31617e-07 2.51162e-08 0.00634525 0.000620844 2.44753e-05
0164 1.400000000000000000e+05 1.026044683521766638e+04 4.500000000000000000e+00 7.15E+03 5.00046e-06 5.47039e-07 0.124478 2.19718 0.085081
0165 1.600000000000000000e+05 1.026044683521766501e+03 3.500000000000000000e+00 4.82E+02 8.7342e-05 1.17083e-05 1.28048 3.6711 0.260168
0166 1.600000000000000000e+05 1.026044683521766501e+03 4.000000000000000000e+00 4.82E+02 3.38633e-05 4.00937e-06 0.635894 4.75947 0.272356
0167 1.600000000000000000e+05 1.026044683521766501e+03 4.500000000000000000e+00 4.82E+02 4.64012e-05 5.29587e-06 0.503311 7.98925 0.341178
0168 1.600000000000000000e+05 1.291710751444522657e+03 3.500000000000000000e+00 6.06E+02 8.01718e-05 1.03059e-05 1.26563 4.02025 0.286595
0169 1.600000000000000000e+05 1.291710751444522657e+03 4.000000000000000000e+00 6.06E+02 2.90522e-05 3.39386e-06 0.621394 5.00719 0.287492
0170 1.600000000000000000e+05 1.291710751444522657e+03 4.500000000000000000e+00 6.06E+02 3.84684e-05 4.36363e-06 0.503326 8.46438 0.362352
0171 1.600000000000000000e+05 1.626174978476519755e+03 3.500000000000000000e+00 7.63E+02 7.31756e-05 9.02173e-06 1.21184 4.31812 0.309671
0172 1.600000000000000000e+05 1.626174978476519755e+03 4.000000000000000000e+00 7.63E+02 2.4831e-05 2.8603e-06 0.59309 5.17204 0.297734
0173 1.600000000000000000e+05 1.626174978476519755e+03 4.500000000000000000e+00 7.63E+02 3.18331e-05 3.59015e-06 0.500061 8.91174 0.38277
0174 1.600000000000000000e+05 2.047228290505137920e+03 3.500000000000000000e+00 9.61E+02 6.61148e-05 7.81425e-06 1.11399 4.50941 0.325096
0175 1.600000000000000000e+05 2.047228290505137920e+03 4.000000000000000000e+00 9.61E+02 2.10384e-05 2.38768e-06 0.549168 5.18777 0.298817
0176 1.600000000000000000e+05 2.047228290505137920e+03 4.500000000000000000e+00 9.61E+02 2.60736e-05 2.92379e-06 0.489941 9.24331 0.398473
0177 1.600000000000000000e+05 2.577319587628865520e+03 3.500000000000000000e+00 1.21E+03 5.83677e-05 6.62323e-06 0.958484 4.45864 0.322467
0178 1.600000000000000000e+05 2.577319587628865520e+03 4.000000000000000000e+00 1.21E+03 1.78759e-05 1.99997e-06 0.49338 5.0428 0.290011
0179 1.600000000000000000e+05 2.577319587628865520e+03 4.500000000000000000e+00 1.21E+03 2.11214e-05 2.35515e-06 0.472385 9.37533 0.404971
0180 1.600000000000000000e+05 3.244638181035417347e+03 3.500000000000000000e+00 1.52E+03 5.18813e-05 5.71464e-06 0.742913 3.9725 0.285981
0181 1.600000000000000000e+05 3.244638181035417347e+03 4.000000000000000000e+00 1.52E+03 1.51532e-05 1.67257e-06 0.409719 4.56961 0.261263
0182 1.600000000000000000e+05 3.244638181035417347e+03 4.500000000000000000e+00 1.52E+03 1.69935e-05 1.88558e-06 0.450822 9.31574 0.402519
0183 1.600000000000000000e+05 4.084748052692324109e+03 3.500000000000000000e+00 1.92E+03 4.72394e-05 5.14435e-06 0.449793 2.77439 0.193053
0184 1.600000000000000000e+05 4.084748052692324109e+03 4.000000000000000000e+00 1.92E+03 1.30181e-05 1.42277e-06 0.30471 3.65893 0.206188
0185 1.600000000000000000e+05 4.084748052692324109e+03 4.500000000000000000e+00 1.92E+03 1.35808e-05 1.49899e-06 0.413885 8.95414 0.38646
0186 1.600000000000000000e+05 5.142416805961092905e+03 3.500000000000000000e+00 2.41E+03 2.01731e-05 2.18342e-06 0.127113 0.462098 0.0265638
0187 1.600000000000000000e+05 5.142416805961092905e+03 4.000000000000000000e+00 2.41E+03 1.13483e-05 1.23464e-06 0.173125 2.21286 0.118141
0188 1.600000000000000000e+05 5.142416805961092905e+03 4.500000000000000000e+00 2.41E+03 1.08832e-05 1.19554e-06 0.365038 8.24842 0.354951
0189 1.600000000000000000e+05 6.473904288329098563e+03 3.500000000000000000e+00 3.04E+03 4.10353e-06 4.43504e-07 0.0461689 0.0181711 0.00101152
0190 1.600000000000000000e+05 6.473904288329098563e+03 4.000000000000000000e+00 3.04E+03 4.14013e-06 4.49075e-07 0.0376036 0.174127 0.00701329
0191 1.600000000000000000e+05 6.473904288329098563e+03 4.500000000000000000e+00 3.04E+03 8.77631e-06 9.6067e-07 0.306349 7.12609 0.305261
0192 1.600000000000000000e+05 8.150200155073142014e+03 3.500000000000000000e+00 3.82E+03 1.24563e-06 1.34477e-07 0.0220189 0.00200299 0.000110674
0193 1.600000000000000000e+05 8.150200155073142014e+03 4.000000000000000000e+00 3.83E+03 7.99903e-07 8.66964e-08 0.0128975 0.00504531 0.000198671
0194 1.600000000000000000e+05 8.150200155073142014e+03 4.500000000000000000e+00 3.83E+03 7.16675e-06 7.82723e-07 0.233712 5.51623 0.233634
0195 1.600000000000000000e+05 1.026044683521766638e+04 3.500000000000000000e+00 4.81E+03 3.94591e-07 4.25164e-08 0.0103166 0.000239414 1.30504e-05
0196 1.600000000000000000e+05 1.026044683521766638e+04 4.000000000000000000e+00 4.82E+03 2.31091e-07 2.50277e-08 0.00577639 0.000545634 2.13488e-05
0197 1.600000000000000000e+05 1.026044683521766638e+04 4.500000000000000000e+00 4.82E+03 5.81344e-06 6.33971e-07 0.143935 3.35185 0.1377
0198 1.800000000000000000e+05 1.026044683521766501e+03 3.500000000000000000e+00 3.46E+02 0.000114478 1.4916e-05 1.39763 4.72442 0.343026
0199 1.800000000000000000e+05 1.026044683521766501e+03 4.000000000000000000e+00 3.46E+02 4.44234e-05 5.1823e-06 0.672089 5.80902 0.336184
0200 1.800000000000000000e+05 1.026044683521766501e+03 4.500000000000000000e+00 3.46E+02 6.09582e-05 6.89146e-06 0.525476 9.35871 0.402076
0201 1.800000000000000000e+05 1.291710751444522657e+03 3.500000000000000000e+00 4.35E+02 0.000101657 1.26698e-05 1.37206 5.16044 0.377113
0202 1.800000000000000000e+05 1.291710751444522657e+03 4.000000000000000000e+00 4.35E+02 3.74415e-05 4.30981e-06 0.653645 6.07674 0.352723
0203 1.800000000000000000e+05 1.291710751444522657e+03 4.500000000000000000e+00 4.35E+02 5.03326e-05 5.65639e-06 0.523382 9.85146 0.424007
0204 1.800000000000000000e+05 1.626174978476519755e+03 3.500000000000000000e+00 5.48E+02 8.90136e-05 1.06084e-05 1.30226 5.50331 0.404672
0205 1.800000000000000000e+05 1.626174978476519755e+03 4.000000000000000000e+00 5.48E+02 3.13194e-05 3.55552e-06 0.621493 6.23565 0.362729
0206 1.800000000000000000e+05 1.626174978476519755e+03 4.500000000000000000e+00 5.48E+02 4.13846e-05 4.62502e-06 0.517656 10.2888 0.443758
0207 1.800000000000000000e+05 2.047228290505137920e+03 3.500000000000000000e+00 6.90E+02 7.71429e-05 8.81814e-06 1.18633 5.66037 0.418382
0208 1.800000000000000000e+05 2.047228290505137920e+03 4.000000000000000000e+00 6.90E+02 2.60231e-05 2.913e-06 0.574924 6.22635 0.362457
0209 1.800000000000000000e+05 2.047228290505137920e+03 4.500000000000000000e+00 6.90E+02 3.37269e-05 3.74942e-06 0.505844 10.5975 0.457989
0210 1.800000000000000000e+05 2.577319587628865520e+03 3.500000000000000000e+00 8.68E+02 6.69036e-05 7.41693e-06 1.01903 5.42437 0.401511
0211 1.800000000000000000e+05 2.577319587628865520e+03 4.000000000000000000e+00 8.68E+02 2.16253e-05 2.39086e-06 0.514663 5.97878 0.347544
0212 1.800000000000000000e+05 2.577319587628865520e+03 4.500000000000000000e+00 8.68E+02 2.72208e-05 3.01113e-06 0.487241 10.6942 0.462726
0213 1.800000000000000000e+05 3.244638181035417347e+03 3.500000000000000000e+00 1.09E+03 6.00079e-05 6.5752e-06 0.784176 4.54467 0.333699
0214 1.800000000000000000e+05 3.244638181035417347e+03 4.000000000000000000e+00 1.09E+03 1.81013e-05 1.98281e-06 0.429204 5.2945 0.306191
0215 1.800000000000000000e+05 3.244638181035417347e+03 4.500000000000000000e+00 1.09E+03 2.16524e-05 2.38478e-06 0.460325 10.4921 0.453806
0216 1.800000000000000000e+05 4.084748052692324109e+03 3.500000000000000000e+00 1.38E+03 5.1695e-05 5.63013e-06 0.490022 3.11753 0.220118
0217 1.800000000000000000e+05 4.084748052692324109e+03 4.000000000000000000e+00 1.38E+03 1.54863e-05 1.68946e-06 0.32131 4.14534 0.23572
0218 1.800000000000000000e+05 4.084748052692324109e+03 4.500000000000000000e+00 1.38E+03 1.72481e-05 1.89272e-06 0.426163 10.0314 0.433241
0219 1.800000000000000000e+05 5.142416805961092905e+03 3.500000000000000000e+00 1.73E+03 2.50408e-05 2.71078e-06 0.148618 0.688452 0.0401595
0220 1.800000000000000000e+05 5.142416805961092905e+03 4.000000000000000000e+00 1.73E+03 1.26653e-05 1.37782e-06 0.190667 2.54958 0.137937
0221 1.800000000000000000e+05 5.142416805961092905e+03 4.500000000000000000e+00 1.73E+03 1.37243e-05 1.5017e-06 0.378345 9.12382 0.393183
0222 1.800000000000000000e+05 6.473904288329098563e+03 3.500000000000000000e+00 2.18E+03 4.60833e-06 4.97776e-07 0.0489421 0.0221534 0.00123159
0223 1.800000000000000000e+05 6.473904288329098563e+03 4.000000000000000000e+00 2.18E+03 5.3442e-06 5.79726e-07 0.0449593 0.297616 0.0121382
0224 1.800000000000000000e+05 6.473904288329098563e+03 4.500000000000000000e+00 2.18E+03 1.10348e-05 1.20543e-06 0.320508 7.85453 0.336297
0225 1.800000000000000000e+05 8.150200155073142014e+03 3.500000000000000000e+00 2.74E+03 1.29996e-06 1.40163e-07 0.0219724 0.00180938 9.93145e-05
0226 1.800000000000000000e+05 8.150200155073142014e+03 4.000000000000000000e+00 2.75E+03 8.92436e-07 9.6683e-08 0.013526 0.00604415 0.000237579
0227 1.800000000000000000e+05 8.150200155073142014e+03 4.500000000000000000e+00 2.75E+03 8.82233e-06 9.62733e-07 0.245943 6.07342 0.256463
0228 1.800000000000000000e+05 1.026044683521766638e+04 3.500000000000000000e+00 3.46E+03 4.00303e-07 4.30852e-08 0.00975125 0.000168664 9.1213e-06
0229 1.800000000000000000e+05 1.026044683521766638e+04 4.000000000000000000e+00 3.46E+03 2.36886e-07 2.56304e-08 0.00561049 0.000455271 1.7661e-05
0230 1.800000000000000000e+05 1.026044683521766638e+04 4.500000000000000000e+00 3.46E+03 6.76464e-06 7.37467e-07 0.156798 3.81894 0.156862
