0000 6.000000000000000000e+04 1.026044683521766501e+03 3.500000000000000000e+00 4.90E+03 0.000255775 5.5107e-05 3.96308 3.23011 0.181948
0001 6.000000000000000000e+04 1.026044683521766501e+03 4.000000000000000000e+00 4.90E+03 3.64643e-05 5.5345e-06 1.54904 4.14722 0.242276
0002 6.000000000000000000e+04 1.026044683521766501e+03 4.500000000000000000e+00 4.90E+03 1.98864e-05 2.61166e-06 0.970122 6.29073 0.363665
0003 6.000000000000000000e+04 1.291710751444522657e+03 3.500000000000000000e+00 6.17E+03 0.000202916 4.22401e-05 4.09914 3.60352 0.203181
0004 6.000000000000000000e+04 1.291710751444522657e+03 4.000000000000000000e+00 6.17E+03 2.91714e-05 4.36345e-06 1.57181 4.36345 0.254513
0005 6.000000000000000000e+04 1.291710751444522657e+03 4.500000000000000000e+00 6.17E+03 1.5991e-05 2.07924e-06 0.981904 6.52724 0.377397
0006 6.000000000000000000e+04 1.626174978476519755e+03 3.500000000000000000e+00 7.77E+03 0.000162368 3.27003e-05 4.22712 3.97728 0.224254
0007 6.000000000000000000e+04 1.626174978476519755e+03 4.000000000000000000e+00 7.77E+03 2.34323e-05 3.45406e-06 1.59099 4.53842 0.263853
0008 6.000000000000000000e+04 1.626174978476519755e+03 4.500000000000000000e+00 7.77E+03 1.28908e-05 1.66053e-06 0.990166 6.71252 0.386559
0009 6.000000000000000000e+04 2.047228290505137920e+03 3.500000000000000000e+00 9.78E+03 0.000130879 2.55155e-05 4.33842 4.33648 0.244433
0010 6.000000000000000000e+04 2.047228290505137920e+03 4.000000000000000000e+00 9.78E+03 1.89808e-05 2.75666e-06 1.60681 4.66871 0.269766
0011 6.000000000000000000e+04 2.047228290505137920e+03 4.500000000000000000e+00 9.78E+03 1.04983e-05 1.34073e-06 0.999679 6.88584 0.392985
0012 6.000000000000000000e+04 2.577319587628865520e+03 3.500000000000000000e+00 1.23E+04 0.000106627 2.01222e-05 4.44488 4.68291 0.264001
0013 6.000000000000000000e+04 2.577319587628865520e+03 4.000000000000000000e+00 1.23E+04 1.55664e-05 2.22616e-06 1.61925 4.75633 0.272146
0014 6.000000000000000000e+04 2.577319587628865520e+03 4.500000000000000000e+00 1.23E+04 8.62257e-06 1.09216e-06 1.00876 7.05494 0.397154
0015 6.000000000000000000e+04 3.244638181035417347e+03 3.500000000000000000e+00 1.55E+04 8.76474e-05 1.60024e-05 4.5272 4.98876 0.281577
0016 6.000000000000000000e+04 3.244638181035417347e+03 4.000000000000000000e+00 1.55E+04 1.29766e-05 1.82504e-06 1.62942 4.81497 0.271806
0017 6.000000000000000000e+04 3.244638181035417347e+03 4.500000000000000000e+00 1.55E+04 7.14286e-06 8.97451e-07 1.01556 7.21227 0.39893
0018 6.000000000000000000e+04 4.084748052692324109e+03 3.500000000000000000e+00 1.95E+04 7.30123e-05 1.28805e-05 4.59222 5.25162 0.297134
0019 6.000000000000000000e+04 4.084748052692324109e+03 4.000000000000000000e+00 1.95E+04 1.09913e-05 1.51756e-06 1.63188 4.83823 0.268517
0020 6.000000000000000000e+04 4.084748052692324109e+03 4.500000000000000000e+00 1.95E+04 5.97501e-06 7.4439e-07 1.02043 7.37934 0.400001
0021 6.000000000000000000e+04 5.142416805961092905e+03 3.500000000000000000e+00 2.46E+04 6.20524e-05 1.05576e-05 4.65002 5.48122 0.311346
0022 6.000000000000000000e+04 5.142416805961092905e+03 4.000000000000000000e+00 2.46E+04 9.50712e-06 1.28548e-06 1.6288 4.85013 0.264119
0023 6.000000000000000000e+04 5.142416805961092905e+03 4.500000000000000000e+00 2.46E+04 5.03834e-06 6.22159e-07 1.01887 7.5276 0.398918
0024 6.000000000000000000e+04 6.473904288329098563e+03 3.500000000000000000e+00 3.09E+04 5.37676e-05 8.79838e-06 4.67618 5.65528 0.322907
0025 6.000000000000000000e+04 6.473904288329098563e+03 4.000000000000000000e+00 3.09E+04 8.40467e-06 1.11002e-06 1.61469 4.84669 0.25885
0026 6.000000000000000000e+04 6.473904288329098563e+03 4.500000000000000000e+00 3.09E+04 4.3075e-06 5.26998e-07 1.01361 7.67625 0.396649
0027 6.000000000000000000e+04 8.150200155073142014e+03 3.500000000000000000e+00 3.89E+04 4.76948e-05 7.48122e-06 4.67627 5.79072 0.332766
0028 6.000000000000000000e+04 8.150200155073142014e+03 4.000000000000000000e+00 3.89E+04 7.61124e-06 9.80152e-07 1.586 4.82456 0.252829
0029 6.000000000000000000e+04 8.150200155073142014e+03 4.500000000000000000e+00 3.89E+04 3.73094e-06 4.51928e-07 1.00095 7.81288 0.393228
0030 6.000000000000000000e+04 1.026044683521766638e+04 3.500000000000000000e+00 4.90E+04 4.34261e-05 6.50681e-06 4.65507 5.90919 0.342108
0031 6.000000000000000000e+04 1.026044683521766638e+04 4.000000000000000000e+00 4.90E+04 7.08222e-06 8.8839e-07 1.54391 4.79798 0.247058
0032 6.000000000000000000e+04 1.026044683521766638e+04 4.500000000000000000e+00 4.90E+04 3.28217e-06 3.93425e-07 0.979637 7.92262 0.387988
0033 8.000000000000000000e+04 1.026044683521766501e+03 3.500000000000000000e+00 2.57E+03 0.000420553 9.64405e-05 3.6926 2.70787 0.155779
0034 8.000000000000000000e+04 1.026044683521766501e+03 4.000000000000000000e+00 2.58E+03 5.9376e-05 9.20016e-06 1.49906 3.69813 0.211799
0035 8.000000000000000000e+04 1.026044683521766501e+03 4.500000000000000000e+00 2.58E+03 3.25389e-05 4.32933e-06 0.936349 5.7592 0.324701
0036 8.000000000000000000e+04 1.291710751444522657e+03 3.500000000000000000e+00 3.24E+03 0.000331292 7.29896e-05 3.85701 3.07408 0.177203
0037 8.000000000000000000e+04 1.291710751444522657e+03 4.000000000000000000e+00 3.24E+03 4.75926e-05 7.25383e-06 1.5232 3.94576 0.224846
0038 8.000000000000000000e+04 1.291710751444522657e+03 4.500000000000000000e+00 3.24E+03 2.61676e-05 3.44751e-06 0.943658 6.00363 0.338346
0039 8.000000000000000000e+04 1.626174978476519755e+03 3.500000000000000000e+00 4.08E+03 0.000263569 5.58836e-05 4.01287 3.45881 0.199474
0040 8.000000000000000000e+04 1.626174978476519755e+03 4.000000000000000000e+00 4.08E+03 3.82932e-05 5.73809e-06 1.54214 4.17037 0.236223
0041 8.000000000000000000e+04 1.626174978476519755e+03 4.500000000000000000e+00 4.08E+03 2.11036e-05 2.75259e-06 0.951989 6.23735 0.35092
0042 8.000000000000000000e+04 2.047228290505137920e+03 3.500000000000000000e+00 5.14E+03 0.000211546 4.31785e-05 4.14372 3.84191 0.221426
0043 8.000000000000000000e+04 2.047228290505137920e+03 4.000000000000000000e+00 5.14E+03 3.10141e-05 4.56464e-06 1.55813 4.3697 0.245704
0044 8.000000000000000000e+04 2.047228290505137920e+03 4.500000000000000000e+00 5.14E+03 1.70618e-05 2.20286e-06 0.959237 6.44189 0.360974
0045 8.000000000000000000e+04 2.577319587628865520e+03 3.500000000000000000e+00 6.47E+03 0.000172255 3.38196e-05 4.26806 4.23478 0.243813
0046 8.000000000000000000e+04 2.577319587628865520e+03 4.000000000000000000e+00 6.47E+03 2.53632e-05 3.66201e-06 1.56755 4.52849 0.252387
0047 8.000000000000000000e+04 2.577319587628865520e+03 4.500000000000000000e+00 6.47E+03 1.3869e-05 1.77256e-06 0.96427 6.60642 0.367436
0048 8.000000000000000000e+04 3.244638181035417347e+03 3.500000000000000000e+00 8.14E+03 0.000142158 2.6802e-05 4.37395 4.62122 0.265883
0049 8.000000000000000000e+04 3.244638181035417347e+03 4.000000000000000000e+00 8.14E+03 2.10257e-05 2.97343e-06 1.57086 4.64117 0.255809
0050 8.000000000000000000e+04 3.244638181035417347e+03 4.500000000000000000e+00 8.14E+03 1.13475e-05 1.43589e-06 0.96575 6.72705 0.369394
0051 8.000000000000000000e+04 4.084748052692324109e+03 3.500000000000000000e+00 1.03E+04 0.00011921 2.15273e-05 4.46061 4.99516 0.28749
0052 8.000000000000000000e+04 4.084748052692324109e+03 4.000000000000000000e+00 1.03E+04 1.77988e-05 2.46074e-06 1.57113 4.72011 0.25659
0053 8.000000000000000000e+04 4.084748052692324109e+03 4.500000000000000000e+00 1.03E+04 9.39178e-06 1.17655e-06 0.965015 6.8231 0.368124
0054 8.000000000000000000e+04 5.142416805961092905e+03 3.500000000000000000e+00 1.29E+04 0.000101866 1.75695e-05 4.5235 5.34808 0.308448
0055 8.000000000000000000e+04 5.142416805961092905e+03 4.000000000000000000e+00 1.29E+04 1.53962e-05 2.07691e-06 1.55962 4.74867 0.25391
0056 8.000000000000000000e+04 5.142416805961092905e+03 4.500000000000000000e+00 1.29E+04 7.87128e-06 9.75911e-07 0.961211 6.90241 0.364245
0057 8.000000000000000000e+04 6.473904288329098563e+03 3.500000000000000000e+00 1.62E+04 8.9057e-05 1.46271e-05 4.56097 5.67415 0.328633
0058 8.000000000000000000e+04 6.473904288329098563e+03 4.000000000000000000e+00 1.62E+04 1.3666e-05 1.79486e-06 1.53749 4.74353 0.248874
0059 8.000000000000000000e+04 6.473904288329098563e+03 4.500000000000000000e+00 1.62E+04 6.6761e-06 8.18739e-07 0.949869 6.93901 0.356826
0060 8.000000000000000000e+04 8.150200155073142014e+03 3.500000000000000000e+00 2.05E+04 7.98704e-05 1.24601e-05 4.56345 5.96562 0.347807
0061 8.000000000000000000e+04 8.150200155073142014e+03 4.000000000000000000e+00 2.05E+04 1.2451e-05 1.58968e-06 1.49764 4.7022 0.24181
0062 8.000000000000000000e+04 8.150200155073142014e+03 4.500000000000000000e+00 2.05E+04 5.74948e-06 6.96927e-07 0.930464 6.93593 0.346459
0063 8.000000000000000000e+04 1.026044683521766638e+04 3.500000000000000000e+00 2.57E+04 7.38424e-05 1.09243e-05 4.53725 6.24139 0.367241
0064 8.000000000000000000e+04 1.026044683521766638e+04 4.000000000000000000e+00 2.58E+04 1.16688e-05 1.44718e-06 1.43802 4.63877 0.234057
0065 8.000000000000000000e+04 1.026044683521766638e+04 4.500000000000000000e+00 2.58E+04 5.03999e-06 6.03479e-07 0.901249 6.88342 0.332948
0066 1.000000000000000000e+05 1.026044683521766501e+03 3.500000000000000000e+00 1.56E+03 0.000594191 0.000142613 3.47069 2.39563 0.140759
0067 1.000000000000000000e+05 1.026044683521766501e+03 4.000000000000000000e+00 1.56E+03 8.33903e-05 1.31181e-05 1.46325 3.3558 0.191801
0068 1.000000000000000000e+05 1.026044683521766501e+03 4.500000000000000000e+00 1.56E+03 4.62795e-05 6.20377e-06 0.927713 5.45849 0.301965
0069 1.000000000000000000e+05 1.291710751444522657e+03 3.500000000000000000e+00 1.96E+03 0.000466237 0.000107115 3.64936 2.74177 0.161514
0070 1.000000000000000000e+05 1.291710751444522657e+03 4.000000000000000000e+00 1.96E+03 6.6589e-05 1.02994e-05 1.48497 3.59428 0.203792
0071 1.000000000000000000e+05 1.291710751444522657e+03 4.500000000000000000e+00 1.96E+03 3.72896e-05 4.95387e-06 0.930395 5.67293 0.313143
0072 1.000000000000000000e+05 1.626174978476519755e+03 3.500000000000000000e+00 2.47E+03 0.000367926 8.11215e-05 3.80952 3.10544 0.18313
0073 1.000000000000000000e+05 1.626174978476519755e+03 4.000000000000000000e+00 2.47E+03 5.35075e-05 8.13084e-06 1.50482 3.82935 0.215192
0074 1.000000000000000000e+05 1.626174978476519755e+03 4.500000000000000000e+00 2.47E+03 3.01152e-05 3.96346e-06 0.933915 5.88306 0.324037
0075 1.000000000000000000e+05 2.047228290505137920e+03 3.500000000000000000e+00 3.11E+03 0.000293591 6.21633e-05 3.95452 3.48453 0.20541
0076 1.000000000000000000e+05 2.047228290505137920e+03 4.000000000000000000e+00 3.11E+03 4.32601e-05 6.45107e-06 1.5194 4.04743 0.225225
0077 1.000000000000000000e+05 2.047228290505137920e+03 4.500000000000000000e+00 3.11E+03 2.43364e-05 3.17135e-06 0.936203 6.0751 0.333678
0078 1.000000000000000000e+05 2.577319587628865520e+03 3.500000000000000000e+00 3.92E+03 0.000238379 4.84311e-05 4.09489 3.88506 0.228712
0079 1.000000000000000000e+05 2.577319587628865520e+03 4.000000000000000000e+00 3.92E+03 3.53348e-05 5.1622e-06 1.53034 4.24728 0.233778
0080 1.000000000000000000e+05 2.577319587628865520e+03 4.500000000000000000e+00 3.92E+03 1.96982e-05 2.54006e-06 0.937181 6.24444 0.341447
0081 1.000000000000000000e+05 3.244638181035417347e+03 3.500000000000000000e+00 4.93E+03 0.000196094 3.81487e-05 4.20805 4.28391 0.251782
0082 1.000000000000000000e+05 3.244638181035417347e+03 4.000000000000000000e+00 4.94E+03 2.92986e-05 4.18484e-06 1.53704 4.42197 0.240454
0083 1.000000000000000000e+05 3.244638181035417347e+03 4.500000000000000000e+00 4.94E+03 1.60217e-05 2.04329e-06 0.93701 6.38929 0.346698
0084 1.000000000000000000e+05 4.084748052692324109e+03 3.500000000000000000e+00 6.21E+03 0.000164639 3.05727e-05 4.31166 4.6964 0.275704
0085 1.000000000000000000e+05 4.084748052692324109e+03 4.000000000000000000e+00 6.21E+03 2.46446e-05 3.43328e-06 1.53354 4.5514 0.244135
0086 1.000000000000000000e+05 4.084748052692324109e+03 4.500000000000000000e+00 6.21E+03 1.31402e-05 1.65682e-06 0.934965 6.5005 0.348435
0087 1.000000000000000000e+05 5.142416805961092905e+03 3.500000000000000000e+00 7.82E+03 0.000140809 2.48668e-05 4.3825 5.09663 0.29919
0088 1.000000000000000000e+05 5.142416805961092905e+03 4.000000000000000000e+00 7.82E+03 2.12046e-05 2.87482e-06 1.52063 4.6345 0.24478
0089 1.000000000000000000e+05 5.142416805961092905e+03 4.500000000000000000e+00 7.82E+03 1.08789e-05 1.35561e-06 0.927402 6.55607 0.345206
0090 1.000000000000000000e+05 6.473904288329098563e+03 3.500000000000000000e+00 9.84E+03 0.000123492 2.06607e-05 4.43573 5.50191 0.323585
0091 1.000000000000000000e+05 6.473904288329098563e+03 4.000000000000000000e+00 9.85E+03 1.87803e-05 2.47313e-06 1.49768 4.67696 0.242849
0092 1.000000000000000000e+05 6.473904288329098563e+03 4.500000000000000000e+00 9.85E+03 9.13174e-06 1.12416e-06 0.914185 6.56465 0.337562
0093 1.000000000000000000e+05 8.150200155073142014e+03 3.500000000000000000e+00 1.24E+04 0.000111137 1.75615e-05 4.45394 5.89427 0.348127
0094 1.000000000000000000e+05 8.150200155073142014e+03 4.000000000000000000e+00 1.24E+04 1.70682e-05 2.18058e-06 1.45479 4.66294 0.237793
0095 1.000000000000000000e+05 8.150200155073142014e+03 4.500000000000000000e+00 1.24E+04 7.78145e-06 9.4582e-07 0.892798 6.51839 0.325598
0096 1.000000000000000000e+05 1.026044683521766638e+04 3.500000000000000000e+00 1.56E+04 0.000102844 1.53246e-05 4.4281 6.26896 0.372893
0097 1.000000000000000000e+05 1.026044683521766638e+04 4.000000000000000000e+00 1.56E+04 1.59976e-05 1.98194e-06 1.3929 4.61384 0.231049
0098 1.000000000000000000e+05 1.026044683521766638e+04 4.500000000000000000e+00 1.56E+04 6.76919e-06 8.11744e-07 0.862876 6.42401 0.310123
0099 1.200000000000000000e+05 1.026044683521766501e+03 3.500000000000000000e+00 1.07E+03 0.000686114 0.000168196 3.40914 2.27608 0.13579
0100 1.200000000000000000e+05 1.026044683521766501e+03 4.000000000000000000e+00 1.07E+03 9.63822e-05 1.52736e-05 1.48795 3.27685 0.188145
0101 1.200000000000000000e+05 1.026044683521766501e+03 4.500000000000000000e+00 1.07E+03 5.50484e-05 7.38924e-06 0.956971 5.80283 0.311322
0102 1.200000000000000000e+05 1.291710751444522657e+03 3.500000000000000000e+00 1.35E+03 0.000535048 0.000125475 3.58118 2.60033 0.155622
0103 1.200000000000000000e+05 1.291710751444522657e+03 4.000000000000000000e+00 1.35E+03 7.65642e-05 1.19292e-05 1.50375 3.48501 0.198279
0104 1.200000000000000000e+05 1.291710751444522657e+03 4.500000000000000000e+00 1.35E+03 4.43334e-05 5.90214e-06 0.960266 5.98566 0.319985
0105 1.200000000000000000e+05 1.626174978476519755e+03 3.500000000000000000e+00 1.70E+03 0.000420763 9.45987e-05 3.7382 2.94656 0.176625
0106 1.200000000000000000e+05 1.626174978476519755e+03 4.000000000000000000e+00 1.70E+03 6.12393e-05 9.37435e-06 1.51671 3.69502 0.208108
0107 1.200000000000000000e+05 1.626174978476519755e+03 4.500000000000000000e+00 1.70E+03 3.57152e-05 4.71458e-06 0.961319 6.13921 0.327437
0108 1.200000000000000000e+05 2.047228290505137920e+03 3.500000000000000000e+00 2.14E+03 0.00033514 7.23344e-05 3.88832 3.31764 0.198877
0109 1.200000000000000000e+05 2.047228290505137920e+03 4.000000000000000000e+00 2.14E+03 4.94077e-05 7.42132e-06 1.52718 3.9036 0.217416
0110 1.200000000000000000e+05 2.047228290505137920e+03 4.500000000000000000e+00 2.14E+03 2.87776e-05 3.76434e-06 0.959797 6.26588 0.333678
0111 1.200000000000000000e+05 2.577319587628865520e+03 3.500000000000000000e+00 2.69E+03 0.000270593 5.60247e-05 4.01592 3.69765 0.221381
0112 1.200000000000000000e+05 2.577319587628865520e+03 4.000000000000000000e+00 2.70E+03 4.02525e-05 5.92217e-06 1.53201 4.09812 0.22548
0113 1.200000000000000000e+05 2.577319587628865520e+03 4.500000000000000000e+00 2.70E+03 2.32077e-05 3.00596e-06 0.955772 6.36971 0.338627
0114 1.200000000000000000e+05 3.244638181035417347e+03 3.500000000000000000e+00 3.39E+03 0.000222287 4.40442e-05 4.13472 4.0974 0.244865
0115 1.200000000000000000e+05 3.244638181035417347e+03 4.000000000000000000e+00 3.39E+03 3.32963e-05 4.78781e-06 1.5331 4.27811 0.232272
0116 1.200000000000000000e+05 3.244638181035417347e+03 4.500000000000000000e+00 3.39E+03 1.87706e-05 2.40511e-06 0.949387 6.45281 0.341979
0117 1.200000000000000000e+05 4.084748052692324109e+03 3.500000000000000000e+00 4.27E+03 0.000186337 3.52203e-05 4.23687 4.50893 0.268964
0118 1.200000000000000000e+05 4.084748052692324109e+03 4.000000000000000000e+00 4.27E+03 2.80143e-05 3.92734e-06 1.5262 4.42778 0.236918
0119 1.200000000000000000e+05 4.084748052692324109e+03 4.500000000000000000e+00 4.27E+03 1.52694e-05 1.93379e-06 0.939755 6.5055 0.342706
0120 1.200000000000000000e+05 5.142416805961092905e+03 3.500000000000000000e+00 5.38E+03 0.00015944 2.86276e-05 4.3177 4.92782 0.293673
0121 1.200000000000000000e+05 5.142416805961092905e+03 4.000000000000000000e+00 5.38E+03 2.41107e-05 3.28705e-06 1.51226 4.54607 0.239428
0122 1.200000000000000000e+05 5.142416805961092905e+03 4.500000000000000000e+00 5.38E+03 1.25197e-05 1.56611e-06 0.925372 6.51528 0.339473
0123 1.200000000000000000e+05 6.473904288329098563e+03 3.500000000000000000e+00 6.77E+03 0.000139852 2.3751e-05 4.37308 5.35233 0.319106
0124 1.200000000000000000e+05 6.473904288329098563e+03 4.000000000000000000e+00 6.77E+03 2.12599e-05 2.81242e-06 1.48467 4.61524 0.238997
0125 1.200000000000000000e+05 6.473904288329098563e+03 4.500000000000000000e+00 6.77E+03 1.04257e-05 1.28736e-06 0.908557 6.49781 0.332574
0126 1.200000000000000000e+05 8.150200155073142014e+03 3.500000000000000000e+00 8.52E+03 0.000125828 2.01403e-05 4.39593 5.77822 0.345376
0127 1.200000000000000000e+05 8.150200155073142014e+03 4.000000000000000000e+00 8.52E+03 1.93399e-05 2.47952e-06 1.44425 4.64505 0.236375
0128 1.200000000000000000e+05 8.150200155073142014e+03 4.500000000000000000e+00 8.52E+03 8.81288e-06 1.07368e-06 0.88351 6.41725 0.320284
0129 1.200000000000000000e+05 1.026044683521766638e+04 3.500000000000000000e+00 1.07E+04 0.000116484 1.75366e-05 4.37766 6.20162 0.372582
0130 1.200000000000000000e+05 1.026044683521766638e+04 4.000000000000000000e+00 1.07E+04 1.81057e-05 2.24866e-06 1.38182 4.62415 0.231359
0131 1.200000000000000000e+05 1.026044683521766638e+04 4.500000000000000000e+00 1.07E+04 7.62159e-06 9.15674e-07 0.852431 6.29797 0.304241
0132 1.400000000000000000e+05 1.026044683521766501e+03 3.500000000000000000e+00 7.15E+02 0.000759255 0.000189519 3.57134 2.59791 0.161825
0133 1.400000000000000000e+05 1.026044683521766501e+03 4.000000000000000000e+00 7.15E+02 0.000109835 1.74247e-05 1.6121 4.07868 0.236984
0134 1.400000000000000000e+05 1.026044683521766501e+03 4.500000000000000000e+00 7.15E+02 6.94953e-05 9.19176e-06 1.0263 7.45768 0.376461
0135 1.400000000000000000e+05 1.291710751444522657e+03 3.500000000000000000e+00 9.00E+02 0.000591203 0.000141128 3.77292 2.91613 0.181291
0136 1.400000000000000000e+05 1.291710751444522657e+03 4.000000000000000000e+00 9.00E+02 8.66922e-05 1.35314e-05 1.63627 4.25437 0.244888
0137 1.400000000000000000e+05 1.291710751444522657e+03 4.500000000000000000e+00 9.00E+02 5.54793e-05 7.29091e-06 1.03519 7.75809 0.388661
0138 1.400000000000000000e+05 1.626174978476519755e+03 3.500000000000000000e+00 1.13E+03 0.000463994 0.000106038 3.95578 3.25577 0.201947
0139 1.400000000000000000e+05 1.626174978476519755e+03 4.000000000000000000e+00 1.13E+03 6.88755e-05 1.057e-05 1.65343 4.40642 0.250915
0140 1.400000000000000000e+05 1.626174978476519755e+03 4.500000000000000000e+00 1.13E+03 4.42188e-05 5.77421e-06 1.04186 8.01209 0.3989
0141 1.400000000000000000e+05 2.047228290505137920e+03 3.500000000000000000e+00 1.43E+03 0.000368889 8.08907e-05 4.12677 3.61892 0.223816
0142 1.400000000000000000e+05 2.047228290505137920e+03 4.000000000000000000e+00 1.43E+03 5.51477e-05 8.31248e-06 1.66047 4.52897 0.254808
0143 1.400000000000000000e+05 2.047228290505137920e+03 4.500000000000000000e+00 1.43E+03 3.51515e-05 4.55983e-06 1.04409 8.20097 0.406325
0144 1.400000000000000000e+05 2.577319587628865520e+03 3.500000000000000000e+00 1.80E+03 0.000296939 6.24477e-05 4.27584 3.99286 0.24601
0145 1.400000000000000000e+05 2.577319587628865520e+03 4.000000000000000000e+00 1.80E+03 4.48017e-05 6.62176e-06 1.6644 4.64347 0.257796
0146 1.400000000000000000e+05 2.577319587628865520e+03 4.500000000000000000e+00 1.80E+03 2.79689e-05 3.60196e-06 1.04293 8.32826 0.411062
0147 1.400000000000000000e+05 3.244638181035417347e+03 3.500000000000000000e+00 2.26E+03 0.000243627 4.90492e-05 4.41883 4.39231 0.269492
0148 1.400000000000000000e+05 3.244638181035417347e+03 4.000000000000000000e+00 2.26E+03 3.68467e-05 5.32886e-06 1.65694 4.73381 0.258995
0149 1.400000000000000000e+05 3.244638181035417347e+03 4.500000000000000000e+00 2.26E+03 2.22902e-05 2.8475e-06 1.03702 8.37668 0.412127
0150 1.400000000000000000e+05 4.084748052692324109e+03 3.500000000000000000e+00 2.85E+03 0.000202972 3.89857e-05 4.52843 4.79027 0.292692
0151 1.400000000000000000e+05 4.084748052692324109e+03 4.000000000000000000e+00 2.85E+03 3.09378e-05 4.36686e-06 1.64274 4.81613 0.259412
0152 1.400000000000000000e+05 4.084748052692324109e+03 4.500000000000000000e+00 2.85E+03 1.78159e-05 2.25495e-06 1.02327 8.31206 0.40765
0153 1.400000000000000000e+05 5.142416805961092905e+03 3.500000000000000000e+00 3.58E+03 0.000173275 3.16217e-05 4.62645 5.21035 0.317231
0154 1.400000000000000000e+05 5.142416805961092905e+03 4.000000000000000000e+00 3.58E+03 2.64927e-05 3.63913e-06 1.61765 4.87812 0.258442
0155 1.400000000000000000e+05 5.142416805961092905e+03 4.500000000000000000e+00 3.58E+03 1.44098e-05 1.8048e-06 1.00564 8.1629 0.398715
0156 1.400000000000000000e+05 6.473904288329098563e+03 3.500000000000000000e+00 4.51E+03 0.000151353 2.61286e-05 4.69679 5.64063 0.342649
0157 1.400000000000000000e+05 6.473904288329098563e+03 4.000000000000000000e+00 4.51E+03 2.3252e-05 3.10018e-06 1.57819 4.91084 0.255753
0158 1.400000000000000000e+05 6.473904288329098563e+03 4.500000000000000000e+00 4.51E+03 1.18039e-05 1.46102e-06 0.979096 7.88994 0.382983
0159 1.400000000000000000e+05 8.150200155073142014e+03 3.500000000000000000e+00 5.68E+03 0.000135648 2.20647e-05 4.73234 6.07869 0.369081
0160 1.400000000000000000e+05 8.150200155073142014e+03 4.000000000000000000e+00 5.68E+03 2.09527e-05 2.70659e-06 1.52194 4.90892 0.251279
0161 1.400000000000000000e+05 8.150200155073142014e+03 4.500000000000000000e+00 5.68E+03 9.83026e-06 1.20133e-06 0.942805 7.50511 0.360731
0162 1.400000000000000000e+05 1.026044683521766638e+04 3.500000000000000000e+00 7.15E+03 0.00012496 1.91031e-05 4.72152 6.52138 0.39669
0163 1.400000000000000000e+05 1.026044683521766638e+04 4.000000000000000000e+00 7.15E+03 1.94644e-05 2.43388e-06 1.4494 4.88282 0.245862
0164 1.400000000000000000e+05 1.026044683521766638e+04 4.500000000000000000e+00 7.15E+03 8.3538e-06 1.00707e-06 0.896225 7.05868 0.333657
0165 1.600000000000000000e+05 1.026044683521766501e+03 3.500000000000000000e+00 4.82E+02 0.000879431 0.000219104 4.23861 4.52239 0.305999
0166 1.600000000000000000e+05 1.026044683521766501e+03 4.000000000000000000e+00 4.82E+02 0.000135196 2.10019e-05 1.88055 6.30864 0.371398
0167 1.600000000000000000e+05 1.026044683521766501e+03 4.500000000000000000e+00 4.82E+02 9.38583e-05 1.21197e-05 1.16166 10.3972 0.499792
0168 1.600000000000000000e+05 1.291710751444522657e+03 3.500000000000000000e+00 6.06E+02 0.000691727 0.000163932 4.5464 5.15593 0.349252
0169 1.600000000000000000e+05 1.291710751444522657e+03 4.000000000000000000e+00 6.06E+02 0.000107949 1.64544e-05 1.9351 6.80812 0.399594
0170 1.600000000000000000e+05 1.291710751444522657e+03 4.500000000000000000e+00 6.06E+02 7.55894e-05 9.68415e-06 1.18167 11.0817 0.528158
0171 1.600000000000000000e+05 1.626174978476519755e+03 3.500000000000000000e+00 7.63E+02 0.000553423 0.000124688 4.85468 5.87053 0.398138
0172 1.600000000000000000e+05 1.626174978476519755e+03 4.000000000000000000e+00 7.63E+02 8.68346e-05 1.29765e-05 1.98475 7.32653 0.428412
0173 1.600000000000000000e+05 1.626174978476519755e+03 4.500000000000000000e+00 7.63E+02 6.10443e-05 7.76058e-06 1.20252 11.7928 0.557727
0174 1.600000000000000000e+05 2.047228290505137920e+03 3.500000000000000000e+00 9.61E+02 0.000449987 9.64596e-05 5.14648 6.64569 0.451133
0175 1.600000000000000000e+05 2.047228290505137920e+03 4.000000000000000000e+00 9.61E+02 7.09128e-05 1.03801e-05 2.03128 7.87122 0.458354
0176 1.600000000000000000e+05 2.047228290505137920e+03 4.500000000000000000e+00 9.61E+02 4.91281e-05 6.19761e-06 1.21997 12.4813 0.586341
0177 1.600000000000000000e+05 2.577319587628865520e+03 3.500000000000000000e+00 1.21E+03 0.000372827 7.60194e-05 5.45493 7.53149 0.511762
0178 1.600000000000000000e+05 2.577319587628865520e+03 4.000000000000000000e+00 1.21E+03 5.88339e-05 8.4224e-06 2.07522 8.44976 0.489852
0179 1.600000000000000000e+05 2.577319587628865520e+03 4.500000000000000000e+00 1.21E+03 3.9626e-05 4.95892e-06 1.23629 13.1685 0.615031
0180 1.600000000000000000e+05 3.244638181035417347e+03 3.500000000000000000e+00 1.52E+03 0.000315165 6.10363e-05 5.74999 8.49865 0.578061
0181 1.600000000000000000e+05 3.244638181035417347e+03 4.000000000000000000e+00 1.52E+03 4.97677e-05 6.95773e-06 2.10978 9.0382 0.521696
0182 1.600000000000000000e+05 3.244638181035417347e+03 4.500000000000000000e+00 1.52E+03 3.20293e-05 3.97432e-06 1.2505 13.8405 0.643209
0183 1.600000000000000000e+05 4.084748052692324109e+03 3.500000000000000000e+00 1.92E+03 0.000271943 4.99086e-05 6.03332 9.55386 0.650613
0184 1.600000000000000000e+05 4.084748052692324109e+03 4.000000000000000000e+00 1.92E+03 4.29291e-05 5.85034e-06 2.13622 9.65415 0.555068
0185 1.600000000000000000e+05 4.084748052692324109e+03 4.500000000000000000e+00 1.92E+03 2.59169e-05 3.18687e-06 1.25563 14.4217 0.667254
0186 1.600000000000000000e+05 5.142416805961092905e+03 3.500000000000000000e+00 2.41E+03 0.000241163 4.18663e-05 6.32437 10.746 0.733098
0187 1.600000000000000000e+05 5.142416805961092905e+03 4.000000000000000000e+00 2.41E+03 3.7844e-05 5.02109e-06 2.14567 10.2679 0.588419
0188 1.600000000000000000e+05 5.142416805961092905e+03 4.500000000000000000e+00 2.41E+03 2.11295e-05 2.57301e-06 1.25206 14.9167 0.687298
0189 1.600000000000000000e+05 6.473904288329098563e+03 3.500000000000000000e+00 3.04E+03 0.000218811 3.58848e-05 6.59258 12.0437 0.82352
0190 1.600000000000000000e+05 6.473904288329098563e+03 4.000000000000000000e+00 3.04E+03 3.41883e-05 4.4116e-06 2.1393 10.9054 0.623649
0191 1.600000000000000000e+05 6.473904288329098563e+03 4.500000000000000000e+00 3.04E+03 1.74537e-05 2.10329e-06 1.24099 15.342 0.704122
0192 1.600000000000000000e+05 8.150200155073142014e+03 3.500000000000000000e+00 3.82E+03 0.000203336 3.15e-05 6.83246 13.4665 0.923691
0193 1.600000000000000000e+05 8.150200155073142014e+03 4.000000000000000000e+00 3.83E+03 3.16705e-05 3.97336e-06 2.11205 11.5751 0.661563
0194 1.600000000000000000e+05 8.150200155073142014e+03 4.500000000000000000e+00 3.83E+03 1.45853e-05 1.73785e-06 1.2132 15.5933 0.712842
0195 1.600000000000000000e+05 1.026044683521766638e+04 3.500000000000000000e+00 4.81E+03 0.000193077 2.82916e-05 7.02032 15.0108 1.0338
0196 1.600000000000000000e+05 1.026044683521766638e+04 4.000000000000000000e+00 4.82E+03 2.98468e-05 3.64275e-06 2.04116 12.1849 0.697199
0197 1.600000000000000000e+05 1.026044683521766638e+04 4.500000000000000000e+00 4.82E+03 1.24342e-05 1.46397e-06 1.17232 15.7308 0.716391
0198 1.800000000000000000e+05 1.026044683521766501e+03 3.500000000000000000e+00 3.46E+02 0.000988561 0.000243774 4.56602 5.74996 0.398802
0199 1.800000000000000000e+05 1.026044683521766501e+03 4.000000000000000000e+00 3.46E+02 0.000157231 2.4058e-05 1.99366 7.50909 0.443495
0200 1.800000000000000000e+05 1.026044683521766501e+03 4.500000000000000000e+00 3.46E+02 0.000114649 1.46076e-05 1.21732 11.8552 0.562209
0201 1.800000000000000000e+05 1.291710751444522657e+03 3.500000000000000000e+00 4.35E+02 0.000785833 0.00018361 4.92331 6.58355 0.457553
0202 1.800000000000000000e+05 1.291710751444522657e+03 4.000000000000000000e+00 4.35E+02 0.000126122 1.89107e-05 2.05647 8.13153 0.479726
0203 1.800000000000000000e+05 1.291710751444522657e+03 4.500000000000000000e+00 4.35E+02 9.24555e-05 1.16831e-05 1.23731 12.6116 0.593733
0204 1.800000000000000000e+05 1.626174978476519755e+03 3.500000000000000000e+00 5.48E+02 0.00063483 0.000140402 5.27919 7.52296 0.523918
0205 1.800000000000000000e+05 1.626174978476519755e+03 4.000000000000000000e+00 5.48E+02 0.000102003 1.4973e-05 2.11491 8.7874 0.51759
0206 1.800000000000000000e+05 1.626174978476519755e+03 4.500000000000000000e+00 5.48E+02 7.46935e-05 9.36283e-06 1.2585 13.4031 0.626884
0207 1.800000000000000000e+05 2.047228290505137920e+03 3.500000000000000000e+00 6.90E+02 0.000525903 0.000110054 5.65232 8.6026 0.600429
0208 1.800000000000000000e+05 2.047228290505137920e+03 4.000000000000000000e+00 6.90E+02 8.39597e-05 1.2054e-05 2.17036 9.49579 0.55828
0209 1.800000000000000000e+05 2.047228290505137920e+03 4.500000000000000000e+00 6.90E+02 6.04316e-05 7.51432e-06 1.28076 14.2367 0.662155
0210 1.800000000000000000e+05 2.577319587628865520e+03 3.500000000000000000e+00 8.68E+02 0.000443274 8.77825e-05 6.02573 9.81393 0.686401
0211 1.800000000000000000e+05 2.577319587628865520e+03 4.000000000000000000e+00 8.68E+02 7.02564e-05 9.8525e-06 2.2212 10.2562 0.601795
0212 1.800000000000000000e+05 2.577319587628865520e+03 4.500000000000000000e+00 8.68E+02 4.89242e-05 6.03255e-06 1.2987 15.0597 0.697044
0213 1.800000000000000000e+05 3.244638181035417347e+03 3.500000000000000000e+00 1.09E+03 0.000381066 7.13485e-05 6.38738 11.1499 0.781659
0214 1.800000000000000000e+05 3.244638181035417347e+03 4.000000000000000000e+00 1.09E+03 6.01404e-05 8.22752e-06 2.26856 11.0887 0.649381
0215 1.800000000000000000e+05 3.244638181035417347e+03 4.500000000000000000e+00 1.09E+03 3.9559e-05 4.83554e-06 1.31281 15.8767 0.731902
0216 1.800000000000000000e+05 4.084748052692324109e+03 3.500000000000000000e+00 1.38E+03 0.000336303 5.94849e-05 6.77056 12.6881 0.89159
0217 1.800000000000000000e+05 4.084748052692324109e+03 4.000000000000000000e+00 1.38E+03 5.25236e-05 7.00079e-06 2.30538 11.9792 0.700453
0218 1.800000000000000000e+05 4.084748052692324109e+03 4.500000000000000000e+00 1.38E+03 3.21112e-05 3.88924e-06 1.32051 16.6649 0.765544
0219 1.800000000000000000e+05 5.142416805961092905e+03 3.500000000000000000e+00 1.73E+03 0.000303248 5.06418e-05 7.13772 14.391 1.01419
0220 1.800000000000000000e+05 5.142416805961092905e+03 4.000000000000000000e+00 1.73E+03 4.69117e-05 6.08772e-06 2.32581 12.9211 0.754949
0221 1.800000000000000000e+05 5.142416805961092905e+03 4.500000000000000000e+00 1.73E+03 2.62939e-05 3.15362e-06 1.32141 17.42 0.797887
0222 1.800000000000000000e+05 6.473904288329098563e+03 3.500000000000000000e+00 2.18E+03 0.000279613 4.41205e-05 7.48095 16.2731 1.15072
0223 1.800000000000000000e+05 6.473904288329098563e+03 4.000000000000000000e+00 2.18E+03 4.28858e-05 5.41483e-06 2.33114 13.9504 0.815144
0224 1.800000000000000000e+05 6.473904288329098563e+03 4.500000000000000000e+00 2.18E+03 2.17968e-05 2.58738e-06 1.31248 18.1179 0.827833
0225 1.800000000000000000e+05 8.150200155073142014e+03 3.500000000000000000e+00 2.74E+03 0.000262749 3.92136e-05 7.80011 18.3793 1.30475
0226 1.800000000000000000e+05 8.150200155073142014e+03 4.000000000000000000e+00 2.75E+03 3.99238e-05 4.90647e-06 2.30037 14.9891 0.876859
0227 1.800000000000000000e+05 8.150200155073142014e+03 4.500000000000000000e+00 2.75E+03 1.8397e-05 2.16e-06 1.29297 18.7659 0.855774
0228 1.800000000000000000e+05 1.026044683521766638e+04 3.500000000000000000e+00 3.46E+03 0.000250896 3.54969e-05 8.04744 20.691 1.47598
0229 1.800000000000000000e+05 1.026044683521766638e+04 4.000000000000000000e+00 3.46E+03 3.77442e-05 4.51799e-06 2.22734 16.0409 0.940395
0230 1.800000000000000000e+05 1.026044683521766638e+04 4.500000000000000000e+00 3.46E+03 1.5724e-05 1.82489e-06 1.25136 19.2176 0.875143
