0000 6.000000000000000000e+04 1.026044683521766501e+03 3.500000000000000000e+00 4.90E+03 0.0188087 0.00660113 9.91979 4.52439 0.249684
0001 6.000000000000000000e+04 1.026044683521766501e+03 4.000000000000000000e+00 4.90E+03 0.00137534 0.000257799 3.99902 7.55119 0.495605
0002 6.000000000000000000e+04 1.026044683521766501e+03 4.500000000000000000e+00 4.90E+03 0.000251344 3.68671e-05 1.99659 10.8073 0.761348
0003 6.000000000000000000e+04 1.291710751444522657e+03 3.500000000000000000e+00 6.17E+03 0.0147391 0.00489759 10.8434 5.38367 0.300984
0004 6.000000000000000000e+04 1.291710751444522657e+03 4.000000000000000000e+00 6.17E+03 0.00105037 0.000190925 4.15138 8.40542 0.559542
0005 6.000000000000000000e+04 1.291710751444522657e+03 4.500000000000000000e+00 6.17E+03 0.000194372 2.80702e-05 2.04776 11.6195 0.828724
0006 6.000000000000000000e+04 1.626174978476519755e+03 3.500000000000000000e+00 7.77E+03 0.0114901 0.00361129 11.7948 6.37658 0.361255
0007 6.000000000000000000e+04 1.626174978476519755e+03 4.000000000000000000e+00 7.77E+03 0.000802699 0.000141871 4.29994 9.3076 0.62744
0008 6.000000000000000000e+04 1.626174978476519755e+03 4.500000000000000000e+00 7.77E+03 0.000150559 2.14395e-05 2.09517 12.4203 0.894831
0009 6.000000000000000000e+04 2.047228290505137920e+03 3.500000000000000000e+00 9.78E+03 0.00890014 0.00264637 12.7337 7.4962 0.430365
0010 6.000000000000000000e+04 2.047228290505137920e+03 4.000000000000000000e+00 9.78E+03 0.000614522 0.000105876 4.43737 10.2311 0.697101
0011 6.000000000000000000e+04 2.047228290505137920e+03 4.500000000000000000e+00 9.78E+03 0.000116844 1.64307e-05 2.13972 13.2067 0.958899
0012 6.000000000000000000e+04 2.577319587628865520e+03 3.500000000000000000e+00 1.23E+04 0.006872 0.00193596 13.6751 8.76246 0.509669
0013 6.000000000000000000e+04 2.577319587628865520e+03 4.000000000000000000e+00 1.23E+04 0.000471886 7.94451e-05 4.56363 11.1611 0.766922
0014 6.000000000000000000e+04 2.577319587628865520e+03 4.500000000000000000e+00 1.23E+04 9.08467e-05 1.26309e-05 2.18326 13.9853 1.02033
0015 6.000000000000000000e+04 3.244638181035417347e+03 3.500000000000000000e+00 1.55E+04 0.00527599 0.00141205 14.5523 10.1387 0.597196
0016 6.000000000000000000e+04 3.244638181035417347e+03 4.000000000000000000e+00 1.55E+04 0.000364161 6.00533e-05 4.68495 12.0966 0.836104
0017 6.000000000000000000e+04 3.244638181035417347e+03 4.500000000000000000e+00 1.55E+04 7.05859e-05 9.71273e-06 2.21865 14.7032 1.07539
0018 6.000000000000000000e+04 4.084748052692324109e+03 3.500000000000000000e+00 1.95E+04 0.00403984 0.00103062 15.3718 11.6207 0.692486
0019 6.000000000000000000e+04 4.084748052692324109e+03 4.000000000000000000e+00 1.95E+04 0.000282078 4.56647e-05 4.79134 12.9944 0.901377
0020 6.000000000000000000e+04 4.084748052692324109e+03 4.500000000000000000e+00 1.95E+04 5.50304e-05 7.50098e-06 2.25769 15.4323 1.12789
0021 6.000000000000000000e+04 5.142416805961092905e+03 3.500000000000000000e+00 2.46E+04 0.00310359 0.000757571 16.1643 13.2155 0.795417
0022 6.000000000000000000e+04 5.142416805961092905e+03 4.000000000000000000e+00 2.46E+04 0.000219523 3.49557e-05 4.89164 13.8582 0.962003
0023 6.000000000000000000e+04 5.142416805961092905e+03 4.500000000000000000e+00 2.46E+04 4.28083e-05 5.78393e-06 2.28753 16.0798 1.1705
0024 6.000000000000000000e+04 6.473904288329098563e+03 3.500000000000000000e+00 3.09E+04 0.00238951 0.000559634 16.8531 14.8351 0.899933
0025 6.000000000000000000e+04 6.473904288329098563e+03 4.000000000000000000e+00 3.09E+04 0.000171429 2.68918e-05 4.97905 14.6506 1.01506
0026 6.000000000000000000e+04 6.473904288329098563e+03 4.500000000000000000e+00 3.09E+04 3.33842e-05 4.47353e-06 2.31612 16.6908 1.20594
0027 6.000000000000000000e+04 8.150200155073142014e+03 3.500000000000000000e+00 3.89E+04 0.00184881 0.000417611 17.5135 16.5108 1.00678
0028 6.000000000000000000e+04 8.150200155073142014e+03 4.000000000000000000e+00 3.89E+04 0.000134311 2.07812e-05 5.05153 15.3501 1.05886
0029 6.000000000000000000e+04 8.150200155073142014e+03 4.500000000000000000e+00 3.89E+04 2.61226e-05 3.47347e-06 2.34378 17.2646 1.23295
0030 6.000000000000000000e+04 1.026044683521766638e+04 3.500000000000000000e+00 4.90E+04 0.00143507 0.000313825 18.0697 18.1334 1.10842
0031 6.000000000000000000e+04 1.026044683521766638e+04 4.000000000000000000e+00 4.90E+04 0.000105853 1.61669e-05 5.12366 15.9828 1.0947
0032 6.000000000000000000e+04 1.026044683521766638e+04 4.500000000000000000e+00 4.90E+04 2.05042e-05 2.70662e-06 2.36001 17.712 1.24479
0033 8.000000000000000000e+04 1.026044683521766501e+03 3.500000000000000000e+00 2.57E+03 0.0303197 0.0115222 8.44761 3.42852 0.189784
0034 8.000000000000000000e+04 1.026044683521766501e+03 4.000000000000000000e+00 2.58E+03 0.00231706 0.000456055 3.72298 6.16666 0.392043
0035 8.000000000000000000e+04 1.026044683521766501e+03 4.500000000000000000e+00 2.58E+03 0.000413553 6.17007e-05 1.909 9.54148 0.661166
0036 8.000000000000000000e+04 1.291710751444522657e+03 3.500000000000000000e+00 3.24E+03 0.0238981 0.00864285 9.31894 4.08762 0.228366
0037 8.000000000000000000e+04 1.291710751444522657e+03 4.000000000000000000e+00 3.24E+03 0.00177054 0.000337745 3.89101 6.90369 0.444276
0038 8.000000000000000000e+04 1.291710751444522657e+03 4.500000000000000000e+00 3.24E+03 0.000318956 4.68542e-05 1.95074 10.2377 0.716508
0039 8.000000000000000000e+04 1.626174978476519755e+03 3.500000000000000000e+00 4.08E+03 0.0187478 0.00643502 10.2421 4.86168 0.274287
0040 8.000000000000000000e+04 1.626174978476519755e+03 4.000000000000000000e+00 4.08E+03 0.00134953 0.000249715 4.04785 7.681 0.499786
0041 8.000000000000000000e+04 1.626174978476519755e+03 4.500000000000000000e+00 4.08E+03 0.000247044 3.57897e-05 1.99386 10.952 0.772792
0042 8.000000000000000000e+04 2.047228290505137920e+03 3.500000000000000000e+00 5.14E+03 0.0145903 0.00474625 11.1611 5.73662 0.327018
0043 8.000000000000000000e+04 2.047228290505137920e+03 4.000000000000000000e+00 5.14E+03 0.0010267 0.000184649 4.19761 8.49827 0.558262
0044 8.000000000000000000e+04 2.047228290505137920e+03 4.500000000000000000e+00 5.14E+03 0.00019165 2.7414e-05 2.03513 11.6653 0.828577
0045 8.000000000000000000e+04 2.577319587628865520e+03 3.500000000000000000e+00 6.47E+03 0.0113146 0.00348615 12.1128 6.74485 0.388604
0046 8.000000000000000000e+04 2.577319587628865520e+03 4.000000000000000000e+00 6.47E+03 0.000780965 0.00013682 4.33505 9.34145 0.618514
0047 8.000000000000000000e+04 2.577319587628865520e+03 4.500000000000000000e+00 6.47E+03 0.000148906 2.1053e-05 2.07364 12.3681 0.883049
0048 8.000000000000000000e+04 3.244638181035417347e+03 3.500000000000000000e+00 8.14E+03 0.0087255 0.00254749 13.0528 7.87696 0.458749
0049 8.000000000000000000e+04 3.244638181035417347e+03 4.000000000000000000e+00 8.14E+03 0.000597148 0.000102136 4.46997 10.2154 0.680295
0050 8.000000000000000000e+04 3.244638181035417347e+03 4.500000000000000000e+00 8.14E+03 0.000115573 1.61666e-05 2.10667 13.0366 0.933407
0051 8.000000000000000000e+04 4.084748052692324109e+03 3.500000000000000000e+00 1.03E+04 0.00669778 0.00185642 13.9673 9.13075 0.537455
0052 8.000000000000000000e+04 4.084748052692324109e+03 4.000000000000000000e+00 1.03E+04 0.000456829 7.64377e-05 4.58552 11.0706 0.739731
0053 8.000000000000000000e+04 4.084748052692324109e+03 4.500000000000000000e+00 1.03E+04 8.9859e-05 1.24447e-05 2.13887 13.6968 0.981231
0054 8.000000000000000000e+04 5.142416805961092905e+03 3.500000000000000000e+00 1.29E+04 0.00512716 0.00135287 14.837 10.4966 0.624112
0055 8.000000000000000000e+04 5.142416805961092905e+03 4.000000000000000000e+00 1.29E+04 0.000351491 5.76542e-05 4.69287 11.9175 0.7969
0056 8.000000000000000000e+04 5.142416805961092905e+03 4.500000000000000000e+00 1.29E+04 7.00046e-05 9.60439e-06 2.17062 14.345 1.02567
0057 8.000000000000000000e+04 6.473904288329098563e+03 3.500000000000000000e+00 1.62E+04 0.00392327 0.000988934 15.6578 11.9599 0.717555
0058 8.000000000000000000e+04 6.473904288329098563e+03 4.000000000000000000e+00 1.62E+04 0.000272267 4.38594e-05 4.79242 12.741 0.850182
0059 8.000000000000000000e+04 6.473904288329098563e+03 4.500000000000000000e+00 1.62E+04 5.45012e-05 7.41041e-06 2.19422 14.9211 1.06197
0060 8.000000000000000000e+04 8.150200155073142014e+03 3.500000000000000000e+00 2.05E+04 0.00301717 0.000728505 16.4473 13.5242 0.81745
0061 8.000000000000000000e+04 8.150200155073142014e+03 4.000000000000000000e+00 2.05E+04 0.000211901 3.35747e-05 4.8725 13.4949 0.896057
0062 8.000000000000000000e+04 8.150200155073142014e+03 4.500000000000000000e+00 2.05E+04 4.24668e-05 5.724e-06 2.21121 15.4265 1.0895
0063 8.000000000000000000e+04 1.026044683521766638e+04 3.500000000000000000e+00 2.57E+04 0.00232674 0.000539731 17.1333 15.101 0.917522
0064 8.000000000000000000e+04 1.026044683521766638e+04 4.000000000000000000e+00 2.58E+04 0.000166063 2.59028e-05 4.93844 14.1762 0.933987
0065 8.000000000000000000e+04 1.026044683521766638e+04 4.500000000000000000e+00 2.58E+04 3.31764e-05 4.43328e-06 2.22095 15.8464 1.10658
0066 1.000000000000000000e+05 1.026044683521766501e+03 3.500000000000000000e+00 1.56E+03 0.0421151 0.0166481 7.58579 2.89906 0.162933
0067 1.000000000000000000e+05 1.026044683521766501e+03 4.000000000000000000e+00 1.56E+03 0.00332978 0.000673922 3.55424 5.38771 0.339264
0068 1.000000000000000000e+05 1.026044683521766501e+03 4.500000000000000000e+00 1.56E+03 0.000586646 8.82239e-05 1.87599 8.87678 0.611224
0069 1.000000000000000000e+05 1.291710751444522657e+03 3.500000000000000000e+00 1.96E+03 0.0332778 0.0125766 8.41026 3.4549 0.195484
0070 1.000000000000000000e+05 1.291710751444522657e+03 4.000000000000000000e+00 1.96E+03 0.00253521 0.000497564 3.71446 6.01912 0.382995
0071 1.000000000000000000e+05 1.291710751444522657e+03 4.500000000000000000e+00 1.96E+03 0.000452762 6.70684e-05 1.91342 9.4933 0.659461
0072 1.000000000000000000e+05 1.626174978476519755e+03 3.500000000000000000e+00 2.47E+03 0.0260928 0.00939459 9.26822 4.09929 0.233713
0073 1.000000000000000000e+05 1.626174978476519755e+03 4.000000000000000000e+00 2.47E+03 0.00192567 0.000366733 3.87369 6.70489 0.43075
0074 1.000000000000000000e+05 1.626174978476519755e+03 4.500000000000000000e+00 2.47E+03 0.000349225 5.10347e-05 1.94311 10.0837 0.705581
0075 1.000000000000000000e+05 2.047228290505137920e+03 3.500000000000000000e+00 3.11E+03 0.0203433 0.00695928 10.1581 4.844 0.278467
0076 1.000000000000000000e+05 2.047228290505137920e+03 4.000000000000000000e+00 3.11E+03 0.00145864 0.000269738 4.02312 7.42841 0.481293
0077 1.000000000000000000e+05 2.047228290505137920e+03 4.500000000000000000e+00 3.11E+03 0.000270345 3.90249e-05 1.97511 10.6962 0.75279
0078 1.000000000000000000e+05 2.577319587628865520e+03 3.500000000000000000e+00 3.92E+03 0.0158277 0.00513747 11.0967 5.71066 0.33119
0079 1.000000000000000000e+05 2.577319587628865520e+03 4.000000000000000000e+00 3.92E+03 0.00110332 0.000198462 4.16794 8.19439 0.534662
0080 1.000000000000000000e+05 2.577319587628865520e+03 4.500000000000000000e+00 3.92E+03 0.000209409 2.9891e-05 2.00572 11.3091 0.799146
0081 1.000000000000000000e+05 3.244638181035417347e+03 3.500000000000000000e+00 4.93E+03 0.0122127 0.00375896 12.0141 6.67816 0.390865
0082 1.000000000000000000e+05 3.244638181035417347e+03 4.000000000000000000e+00 4.94E+03 0.000836639 0.000146693 4.30831 8.99646 0.589965
0083 1.000000000000000000e+05 3.244638181035417347e+03 4.500000000000000000e+00 4.94E+03 0.000162396 2.29403e-05 2.03669 11.9294 0.844869
0084 1.000000000000000000e+05 4.084748052692324109e+03 3.500000000000000000e+00 6.21E+03 0.00940066 0.00274498 12.9512 7.77891 0.459577
0085 1.000000000000000000e+05 4.084748052692324109e+03 4.000000000000000000e+00 6.21E+03 0.000634369 0.000108626 4.43229 9.80185 0.644614
0086 1.000000000000000000e+05 4.084748052692324109e+03 4.500000000000000000e+00 6.21E+03 0.000126066 1.76329e-05 2.06771 12.5521 0.889233
0087 1.000000000000000000e+05 5.142416805961092905e+03 3.500000000000000000e+00 7.82E+03 0.00719349 0.00199654 13.8288 8.97391 0.535075
0088 1.000000000000000000e+05 5.142416805961092905e+03 4.000000000000000000e+00 7.82E+03 0.000483372 8.09831e-05 4.54566 10.6073 0.697812
0089 1.000000000000000000e+05 5.142416805961092905e+03 4.500000000000000000e+00 7.82E+03 9.76892e-05 1.3537e-05 2.0928 13.1361 0.92876
0090 1.000000000000000000e+05 6.473904288329098563e+03 3.500000000000000000e+00 9.84E+03 0.00550068 0.00145457 14.6989 10.297 0.619372
0091 1.000000000000000000e+05 6.473904288329098563e+03 4.000000000000000000e+00 9.85E+03 0.000371554 6.10237e-05 4.65423 11.4139 0.748956
0092 1.000000000000000000e+05 6.473904288329098563e+03 4.500000000000000000e+00 9.85E+03 7.57443e-05 1.04014e-05 2.11345 13.6821 0.96311
0093 1.000000000000000000e+05 8.150200155073142014e+03 3.500000000000000000e+00 1.24E+04 0.00420529 0.00106312 15.5128 11.7093 0.709813
0094 1.000000000000000000e+05 8.150200155073142014e+03 4.000000000000000000e+00 1.24E+04 0.00028699 4.62813e-05 4.73635 12.1532 0.792935
0095 1.000000000000000000e+05 8.150200155073142014e+03 4.500000000000000000e+00 1.24E+04 5.87711e-05 7.99939e-06 2.12719 14.1659 0.990143
0096 1.000000000000000000e+05 1.026044683521766638e+04 3.500000000000000000e+00 1.56E+04 0.00322688 0.000781814 16.2628 13.1906 0.804648
0097 1.000000000000000000e+05 1.026044683521766638e+04 4.000000000000000000e+00 1.56E+04 0.000223929 3.5499e-05 4.81018 12.8577 0.831645
0098 1.000000000000000000e+05 1.026044683521766638e+04 4.500000000000000000e+00 1.56E+04 4.57732e-05 6.17507e-06 2.13758 14.6024 1.01032
0099 1.200000000000000000e+05 1.026044683521766501e+03 3.500000000000000000e+00 1.07E+03 0.0482648 0.0193337 7.30183 2.71229 0.154468
0100 1.200000000000000000e+05 1.026044683521766501e+03 4.000000000000000000e+00 1.07E+03 0.00388566 0.000795656 3.54305 5.14253 0.323544
0101 1.200000000000000000e+05 1.026044683521766501e+03 4.500000000000000000e+00 1.07E+03 0.000689356 0.000104025 1.90814 9.06697 0.60957
0102 1.200000000000000000e+05 1.291710751444522657e+03 3.500000000000000000e+00 1.35E+03 0.0380806 0.0146135 8.09029 3.21902 0.18443
0103 1.200000000000000000e+05 1.291710751444522657e+03 4.000000000000000000e+00 1.35E+03 0.00294638 0.000585055 3.69466 5.70738 0.362887
0104 1.200000000000000000e+05 1.291710751444522657e+03 4.500000000000000000e+00 1.35E+03 0.000529501 7.87125e-05 1.9429 9.60709 0.65209
0105 1.200000000000000000e+05 1.626174978476519755e+03 3.500000000000000000e+00 1.70E+03 0.0298725 0.0109373 8.91931 3.81135 0.219889
0106 1.200000000000000000e+05 1.626174978476519755e+03 4.000000000000000000e+00 1.70E+03 0.00222817 0.000429327 3.8437 6.32632 0.406224
0107 1.200000000000000000e+05 1.626174978476519755e+03 4.500000000000000000e+00 1.70E+03 0.000407671 5.97908e-05 1.97299 10.1278 0.693491
0108 1.200000000000000000e+05 2.047228290505137920e+03 3.500000000000000000e+00 2.14E+03 0.0233447 0.00813075 9.80185 4.50705 0.262026
0109 1.200000000000000000e+05 2.047228290505137920e+03 4.000000000000000000e+00 2.14E+03 0.0016828 0.000314782 3.99032 6.99861 0.453366
0110 1.200000000000000000e+05 2.047228290505137920e+03 4.500000000000000000e+00 2.14E+03 0.000314241 4.55295e-05 1.99893 10.6356 0.734109
0111 1.200000000000000000e+05 2.577319587628865520e+03 3.500000000000000000e+00 2.69E+03 0.0181259 0.00599469 10.6887 5.29629 0.310446
0112 1.200000000000000000e+05 2.577319587628865520e+03 4.000000000000000000e+00 2.70E+03 0.00126782 0.000230537 4.12668 7.70705 0.502851
0113 1.200000000000000000e+05 2.577319587628865520e+03 4.500000000000000000e+00 2.70E+03 0.000242348 3.4723e-05 2.02174 11.139 0.774006
0114 1.200000000000000000e+05 3.244638181035417347e+03 3.500000000000000000e+00 3.39E+03 0.0140026 0.00439246 11.6087 6.20748 0.367044
0115 1.200000000000000000e+05 3.244638181035417347e+03 4.000000000000000000e+00 3.39E+03 0.000956382 0.000169396 4.25924 8.45476 0.554581
0116 1.200000000000000000e+05 3.244638181035417347e+03 4.500000000000000000e+00 3.39E+03 0.000187077 2.65283e-05 2.04282 11.6467 0.813461
0117 1.200000000000000000e+05 4.084748052692324109e+03 3.500000000000000000e+00 4.27E+03 0.0107776 0.0032076 12.5286 7.23401 0.431579
0118 1.200000000000000000e+05 4.084748052692324109e+03 4.000000000000000000e+00 4.27E+03 0.000723383 0.00012507 4.37873 9.21305 0.606048
0119 1.200000000000000000e+05 4.084748052692324109e+03 4.500000000000000000e+00 4.27E+03 0.000144459 2.02861e-05 2.0617 12.1563 0.851902
0120 1.200000000000000000e+05 5.142416805961092905e+03 3.500000000000000000e+00 5.38E+03 0.0082501 0.00233223 13.4282 8.37557 0.504202
0121 1.200000000000000000e+05 5.142416805961092905e+03 4.000000000000000000e+00 5.38E+03 0.00055031 9.30473e-05 4.49258 9.98483 0.656859
0122 1.200000000000000000e+05 5.142416805961092905e+03 4.500000000000000000e+00 5.38E+03 0.000111474 1.55103e-05 2.07593 12.6455 0.886868
0123 1.200000000000000000e+05 6.473904288329098563e+03 3.500000000000000000e+00 6.77E+03 0.00630305 0.00169669 14.293 9.62494 0.584427
0124 1.200000000000000000e+05 6.473904288329098563e+03 4.000000000000000000e+00 6.77E+03 0.000420757 6.97068e-05 4.58961 10.735 0.704164
0125 1.200000000000000000e+05 6.473904288329098563e+03 4.500000000000000000e+00 6.77E+03 8.62512e-05 1.18934e-05 2.09186 13.1447 0.919561
0126 1.200000000000000000e+05 8.150200155073142014e+03 3.500000000000000000e+00 8.52E+03 0.00480674 0.00123591 15.1098 10.9709 0.671402
0127 1.200000000000000000e+05 8.150200155073142014e+03 4.000000000000000000e+00 8.52E+03 0.000325098 5.28592e-05 4.68184 11.4768 0.748191
0128 1.200000000000000000e+05 8.150200155073142014e+03 4.500000000000000000e+00 8.52E+03 6.67143e-05 9.11882e-06 2.09879 13.5779 0.944211
0129 1.200000000000000000e+05 1.026044683521766638e+04 3.500000000000000000e+00 1.07E+04 0.00367729 0.000905872 15.868 12.392 0.763325
0130 1.200000000000000000e+05 1.026044683521766638e+04 4.000000000000000000e+00 1.07E+04 0.000253016 4.04244e-05 4.75507 12.165 0.785534
0131 1.200000000000000000e+05 1.026044683521766638e+04 4.500000000000000000e+00 1.07E+04 5.19399e-05 7.03766e-06 2.10582 13.9913 0.963615
0132 1.400000000000000000e+05 1.026044683521766501e+03 3.500000000000000000e+00 7.15E+02 0.0522949 0.0211916 7.30697 2.97917 0.177649
0133 1.400000000000000000e+05 1.026044683521766501e+03 4.000000000000000000e+00 7.15E+02 0.00434315 0.00089967 3.66605 5.79735 0.360917
0134 1.400000000000000000e+05 1.026044683521766501e+03 4.500000000000000000e+00 7.15E+02 0.000790525 0.000119279 1.99523 10.6175 0.667077
0135 1.400000000000000000e+05 1.291710751444522657e+03 3.500000000000000000e+00 9.00E+02 0.041323 0.0160575 8.12528 3.46001 0.20596
0136 1.400000000000000000e+05 1.291710751444522657e+03 4.000000000000000000e+00 9.00E+02 0.00327817 0.00065828 3.83434 6.30302 0.395988
0137 1.400000000000000000e+05 1.291710751444522657e+03 4.500000000000000000e+00 9.00E+02 0.000603652 8.97995e-05 2.03671 11.2433 0.709986
0138 1.400000000000000000e+05 1.626174978476519755e+03 3.500000000000000000e+00 1.13E+03 0.0324315 0.0120328 8.98145 4.0216 0.239476
0139 1.400000000000000000e+05 1.626174978476519755e+03 4.000000000000000000e+00 1.13E+03 0.00246631 0.000480411 3.99459 6.83294 0.433319
0140 1.400000000000000000e+05 1.626174978476519755e+03 4.500000000000000000e+00 1.13E+03 0.000462003 6.78617e-05 2.07462 11.8358 0.751256
0141 1.400000000000000000e+05 2.047228290505137920e+03 3.500000000000000000e+00 1.43E+03 0.0253425 0.00894751 9.88378 4.67813 0.279189
0142 1.400000000000000000e+05 2.047228290505137920e+03 4.000000000000000000e+00 1.43E+03 0.0018498 0.000349631 4.13825 7.37868 0.472194
0143 1.400000000000000000e+05 2.047228290505137920e+03 4.500000000000000000e+00 1.43E+03 0.00035354 5.13329e-05 2.10586 12.3741 0.789721
0144 1.400000000000000000e+05 2.577319587628865520e+03 3.500000000000000000e+00 1.80E+03 0.0196527 0.00658693 10.804 5.42832 0.325164
0145 1.400000000000000000e+05 2.577319587628865520e+03 4.000000000000000000e+00 1.80E+03 0.00139148 0.000255431 4.28203 7.97286 0.514519
0146 1.400000000000000000e+05 2.577319587628865520e+03 4.500000000000000000e+00 1.80E+03 0.000270937 3.89203e-05 2.13364 12.8726 0.826514
0147 1.400000000000000000e+05 3.244638181035417347e+03 3.500000000000000000e+00 2.26E+03 0.0151861 0.00482603 11.7684 6.30174 0.379409
0148 1.400000000000000000e+05 3.244638181035417347e+03 4.000000000000000000e+00 2.26E+03 0.00104709 0.000187066 4.41578 8.60365 0.559141
0149 1.400000000000000000e+05 3.244638181035417347e+03 4.500000000000000000e+00 2.26E+03 0.000207742 2.95447e-05 2.15643 13.3148 0.86069
0150 1.400000000000000000e+05 4.084748052692324109e+03 3.500000000000000000e+00 2.85E+03 0.0116156 0.00349862 12.6987 7.27007 0.44043
0151 1.400000000000000000e+05 4.084748052692324109e+03 4.000000000000000000e+00 2.85E+03 0.000789305 0.000137548 4.52173 9.23102 0.602734
0152 1.400000000000000000e+05 4.084748052692324109e+03 4.500000000000000000e+00 2.85E+03 0.000159004 2.23987e-05 2.16897 13.6569 0.889254
0153 1.400000000000000000e+05 5.142416805961092905e+03 3.500000000000000000e+00 3.58E+03 0.00886865 0.00253475 13.64 8.36807 0.51047
0154 1.400000000000000000e+05 5.142416805961092905e+03 4.000000000000000000e+00 3.58E+03 0.000598159 0.000101868 4.6243 9.8967 0.647631
0155 1.400000000000000000e+05 5.142416805961092905e+03 4.500000000000000000e+00 3.58E+03 0.000122228 1.70629e-05 2.18127 13.9554 0.915569
0156 1.400000000000000000e+05 6.473904288329098563e+03 3.500000000000000000e+00 4.51E+03 0.00673564 0.00183069 14.5464 9.57781 0.588509
0157 1.400000000000000000e+05 6.473904288329098563e+03 4.000000000000000000e+00 4.51E+03 0.000455947 7.60373e-05 4.70794 10.554 0.689909
0158 1.400000000000000000e+05 6.473904288329098563e+03 4.500000000000000000e+00 4.51E+03 9.41167e-05 1.30234e-05 2.18373 14.1494 0.935057
0159 1.400000000000000000e+05 8.150200155073142014e+03 3.500000000000000000e+00 5.68E+03 0.00510488 0.00132376 15.4015 10.885 0.673498
0160 1.400000000000000000e+05 8.150200155073142014e+03 4.000000000000000000e+00 5.68E+03 0.000349673 5.7208e-05 4.77319 11.1892 0.727991
0161 1.400000000000000000e+05 8.150200155073142014e+03 4.500000000000000000e+00 5.68E+03 7.27327e-05 9.97867e-06 2.17591 14.2471 0.947357
0162 1.400000000000000000e+05 1.026044683521766638e+04 3.500000000000000000e+00 7.15E+03 0.00387217 0.000961211 16.1863 12.2661 0.763555
0163 1.400000000000000000e+05 1.026044683521766638e+04 4.000000000000000000e+00 7.15E+03 0.000270625 4.34928e-05 4.83333 11.8181 0.762371
0164 1.400000000000000000e+05 1.026044683521766638e+04 4.500000000000000000e+00 7.15E+03 5.64141e-05 7.67389e-06 2.15841 14.293 0.95282
0165 1.600000000000000000e+05 1.026044683521766501e+03 3.500000000000000000e+00 4.82E+02 0.0554823 0.022683 7.91799 4.85623 0.319249
0166 1.600000000000000000e+05 1.026044683521766501e+03 4.000000000000000000e+00 4.82E+02 0.00474173 0.000988976 3.99666 7.92134 0.486165
0167 1.600000000000000000e+05 1.026044683521766501e+03 4.500000000000000000e+00 4.82E+02 0.000901527 0.000135487 2.18359 13.5276 0.786952
0168 1.600000000000000000e+05 1.291710751444522657e+03 3.500000000000000000e+00 6.06E+02 0.0436357 0.0171259 8.85585 5.63172 0.369933
0169 1.600000000000000000e+05 1.291710751444522657e+03 4.000000000000000000e+00 6.06E+02 0.00356674 0.000721696 4.21187 8.72278 0.538807
0170 1.600000000000000000e+05 1.291710751444522657e+03 4.500000000000000000e+00 6.06E+02 0.000684173 0.000101402 2.24059 14.517 0.843137
0171 1.600000000000000000e+05 1.626174978476519755e+03 3.500000000000000000e+00 7.63E+02 0.0342275 0.0128386 9.87 6.54237 0.429764
0172 1.600000000000000000e+05 1.626174978476519755e+03 4.000000000000000000e+00 7.63E+02 0.00266692 0.000523475 4.42497 9.58887 0.59594
0173 1.600000000000000000e+05 1.626174978476519755e+03 4.500000000000000000e+00 7.63E+02 0.000522207 7.64551e-05 2.29908 15.5446 0.90025
0174 1.600000000000000000e+05 2.047228290505137920e+03 3.500000000000000000e+00 9.61E+02 0.0266578 0.00952342 10.9162 7.57341 0.497926
0175 1.600000000000000000e+05 2.047228290505137920e+03 4.000000000000000000e+00 9.61E+02 0.00199752 0.000380498 4.63836 10.5285 0.657855
0176 1.600000000000000000e+05 2.047228290505137920e+03 4.500000000000000000e+00 9.61E+02 0.000398192 5.76482e-05 2.35256 16.5572 0.95564
0177 1.600000000000000000e+05 2.577319587628865520e+03 3.500000000000000000e+00 1.21E+03 0.0206675 0.00700955 12.0693 8.79847 0.579323
0178 1.600000000000000000e+05 2.577319587628865520e+03 4.000000000000000000e+00 1.21E+03 0.00149673 0.000276709 4.85605 11.5574 0.725449
0179 1.600000000000000000e+05 2.577319587628865520e+03 4.500000000000000000e+00 1.21E+03 0.000304456 4.36241e-05 2.40767 17.5946 1.01195
0180 1.600000000000000000e+05 3.244638181035417347e+03 3.500000000000000000e+00 1.52E+03 0.015903 0.00511233 13.2493 10.1881 0.672379
0181 1.600000000000000000e+05 3.244638181035417347e+03 4.000000000000000000e+00 1.52E+03 0.00112471 0.000202217 5.06164 12.6334 0.795558
0182 1.600000000000000000e+05 3.244638181035417347e+03 4.500000000000000000e+00 1.52E+03 0.000233078 3.30687e-05 2.4645 18.6517 1.06912
0183 1.600000000000000000e+05 4.084748052692324109e+03 3.500000000000000000e+00 1.92E+03 0.0121356 0.00369493 14.4523 11.7597 0.778336
0184 1.600000000000000000e+05 4.084748052692324109e+03 4.000000000000000000e+00 1.92E+03 0.000846241 0.000148221 5.26379 13.7807 0.869392
0185 1.600000000000000000e+05 4.084748052692324109e+03 4.500000000000000000e+00 1.92E+03 0.000178232 2.50502e-05 2.51167 19.6346 1.12146
0186 1.600000000000000000e+05 5.142416805961092905e+03 3.500000000000000000e+00 2.41E+03 0.00923942 0.00266639 15.713 13.5692 0.901284
0187 1.600000000000000000e+05 5.142416805961092905e+03 4.000000000000000000e+00 2.41E+03 0.000639994 0.000109418 5.44611 14.9497 0.943143
0188 1.600000000000000000e+05 5.142416805961092905e+03 4.500000000000000000e+00 2.41E+03 0.000136634 1.90291e-05 2.55161 20.558 1.16967
0189 1.600000000000000000e+05 6.473904288329098563e+03 3.500000000000000000e+00 3.04E+03 0.00699451 0.00191651 16.9648 15.5776 1.03864
0190 1.600000000000000000e+05 6.473904288329098563e+03 4.000000000000000000e+00 3.04E+03 0.000487597 8.15115e-05 5.6226 16.173 1.01818
0191 1.600000000000000000e+05 6.473904288329098563e+03 4.500000000000000000e+00 3.04E+03 0.000105441 1.45558e-05 2.59 21.4548 1.21525
0192 1.600000000000000000e+05 8.150200155073142014e+03 3.500000000000000000e+00 3.82E+03 0.00528971 0.00138014 18.199 17.7968 1.1912
0193 1.600000000000000000e+05 8.150200155073142014e+03 4.000000000000000000e+00 3.83E+03 0.000374882 6.13694e-05 5.79673 17.4615 1.09454
0194 1.600000000000000000e+05 8.150200155073142014e+03 4.500000000000000000e+00 3.83E+03 8.15853e-05 1.11646e-05 2.61037 22.1868 1.24966
0195 1.600000000000000000e+05 1.026044683521766638e+04 3.500000000000000000e+00 4.81E+03 0.00400476 0.000998106 19.3989 20.2075 1.35752
0196 1.600000000000000000e+05 1.026044683521766638e+04 4.000000000000000000e+00 4.82E+03 0.000290486 4.66123e-05 5.94831 18.7477 1.16757
0197 1.600000000000000000e+05 1.026044683521766638e+04 4.500000000000000000e+00 4.82E+03 6.37467e-05 8.64733e-06 2.62472 22.847 1.27775
0198 1.800000000000000000e+05 1.026044683521766501e+03 3.500000000000000000e+00 3.46E+02 0.0581859 0.0238721 8.20817 6.06185 0.410915
0199 1.800000000000000000e+05 1.026044683521766501e+03 4.000000000000000000e+00 3.46E+02 0.00508401 0.00106188 4.13837 9.0807 0.555101
0200 1.800000000000000000e+05 1.026044683521766501e+03 4.500000000000000000e+00 3.46E+02 0.000996473 0.000149026 2.26629 14.9913 0.851208
0201 1.800000000000000000e+05 1.291710751444522657e+03 3.500000000000000000e+00 4.35E+02 0.0456596 0.0180019 9.19561 7.02672 0.476392
0202 1.800000000000000000e+05 1.291710751444522657e+03 4.000000000000000000e+00 4.35E+02 0.00380563 0.000771662 4.36468 9.9877 0.614265
0203 1.800000000000000000e+05 1.291710751444522657e+03 4.500000000000000000e+00 4.35E+02 0.000752213 0.000110947 2.32282 16.0383 0.909167
0204 1.800000000000000000e+05 1.626174978476519755e+03 3.500000000000000000e+00 5.48E+02 0.035644 0.0134397 10.2542 8.14678 0.552739
0205 1.800000000000000000e+05 1.626174978476519755e+03 4.000000000000000000e+00 5.48E+02 0.00283412 0.000557834 4.5918 10.9727 0.678806
0206 1.800000000000000000e+05 1.626174978476519755e+03 4.500000000000000000e+00 5.48E+02 0.000572301 8.34032e-05 2.38646 17.1653 0.969988
0207 1.800000000000000000e+05 2.047228290505137920e+03 3.500000000000000000e+00 6.90E+02 0.0277788 0.00997747 11.4171 9.46902 0.643292
0208 1.800000000000000000e+05 2.047228290505137920e+03 4.000000000000000000e+00 6.90E+02 0.0021151 0.00040405 4.8214 12.0579 0.749937
0209 1.800000000000000000e+05 2.047228290505137920e+03 4.500000000000000000e+00 6.90E+02 0.00043529 6.27596e-05 2.44273 18.2724 1.02836
0210 1.800000000000000000e+05 2.577319587628865520e+03 3.500000000000000000e+00 8.68E+02 0.0214638 0.00732004 12.6515 10.9971 0.748451
0211 1.800000000000000000e+05 2.577319587628865520e+03 4.000000000000000000e+00 8.68E+02 0.00157856 0.000292645 5.05237 13.2457 0.827492
0212 1.800000000000000000e+05 2.577319587628865520e+03 4.500000000000000000e+00 8.68E+02 0.000332147 4.74084e-05 2.4998 19.4238 1.08831
0213 1.800000000000000000e+05 3.244638181035417347e+03 3.500000000000000000e+00 1.09E+03 0.0164819 0.00532581 13.9543 12.7604 0.870535
0214 1.800000000000000000e+05 3.244638181035417347e+03 4.000000000000000000e+00 1.09E+03 0.00118358 0.000213228 5.28708 14.5532 0.912277
0215 1.800000000000000000e+05 3.244638181035417347e+03 4.500000000000000000e+00 1.09E+03 0.000252976 3.57616e-05 2.55576 20.5956 1.14862
0216 1.800000000000000000e+05 4.084748052692324109e+03 3.500000000000000000e+00 1.38E+03 0.0125564 0.00384074 15.2961 14.7652 1.01016
0217 1.800000000000000000e+05 4.084748052692324109e+03 4.000000000000000000e+00 1.38E+03 0.000888115 0.000155727 5.51674 15.9638 1.00268
0218 1.800000000000000000e+05 4.084748052692324109e+03 4.500000000000000000e+00 1.38E+03 0.000192782 2.69944e-05 2.60761 21.7678 1.20804
0219 1.800000000000000000e+05 5.142416805961092905e+03 3.500000000000000000e+00 1.73E+03 0.00952016 0.00275716 16.686 17.0598 1.17094
0220 1.800000000000000000e+05 5.142416805961092905e+03 4.000000000000000000e+00 1.73E+03 0.000670167 0.000114579 5.73363 17.4585 1.09685
0221 1.800000000000000000e+05 5.142416805961092905e+03 4.500000000000000000e+00 1.73E+03 0.000147533 2.04663e-05 2.65699 22.9432 1.26657
0222 1.800000000000000000e+05 6.473904288329098563e+03 3.500000000000000000e+00 2.18E+03 0.00720808 0.00197978 18.1216 19.6734 1.3552
0223 1.800000000000000000e+05 6.473904288329098563e+03 4.000000000000000000e+00 2.18E+03 0.000510386 8.51998e-05 5.9521 19.0816 1.19692
0224 1.800000000000000000e+05 6.473904288329098563e+03 4.500000000000000000e+00 2.18E+03 0.000113568 1.56075e-05 2.7018 24.0989 1.32236
0225 1.800000000000000000e+05 8.150200155073142014e+03 3.500000000000000000e+00 2.74E+03 0.00542556 0.00141624 19.507 22.5291 1.55767
0226 1.800000000000000000e+05 8.150200155073142014e+03 4.000000000000000000e+00 2.75E+03 0.000391263 6.3852e-05 6.14845 20.7584 1.29749
0227 1.800000000000000000e+05 8.150200155073142014e+03 4.500000000000000000e+00 2.75E+03 8.83423e-05 1.20288e-05 2.7444 25.2567 1.37588
0228 1.800000000000000000e+05 1.026044683521766638e+04 3.500000000000000000e+00 3.46E+03 0.00410703 0.00102177 20.9328 25.7573 1.78722
0229 1.800000000000000000e+05 1.026044683521766638e+04 4.000000000000000000e+00 3.46E+03 0.000303723 4.84873e-05 6.3433 22.5639 1.40277
0230 1.800000000000000000e+05 1.026044683521766638e+04 4.500000000000000000e+00 3.46E+03 6.90333e-05 9.30991e-06 2.76654 26.247 1.41742
