60000	36.6	3.5	4.90e+03	242.42	61.87	76.47	29.79	1.10
60000	36.6	4.0	4.90e+03	19.92	6.05	22.17	29.44	1.88
60000	36.6	4.5	4.90e+03	2.74	0.90	11.06	44.36	3.39
60000	36.7	3.5	6.17e+03	244.99	63.29	83.01	33.43	1.30
60000	36.7	4.0	6.17e+03	20.43	6.25	25.09	35.11	2.29
60000	36.7	4.5	6.17e+03	2.90	0.95	12.26	50.69	3.94
60000	36.8	3.5	7.77e+03	248.12	64.86	91.02	38.16	1.56
60000	36.8	4.0	7.77e+03	21.01	6.46	28.38	41.73	2.77
60000	36.8	4.5	7.77e+03	3.06	0.99	13.56	57.63	4.54
60000	36.9	3.5	9.78e+03	250.60	66.29	100.15	43.93	1.89
60000	36.9	4.0	9.78e+03	21.58	6.67	32.01	49.26	3.34
60000	36.9	4.5	9.78e+03	3.23	1.05	14.97	65.19	5.20
60000	37.0	3.5	1.23e+04	253.73	67.90	111.06	51.20	2.30
60000	37.0	4.0	1.23e+04	22.23	6.91	36.10	58.02	4.00
60000	37.0	4.5	1.23e+04	3.40	1.10	16.46	73.41	5.91
60000	37.1	3.5	1.55e+04	256.96	69.57	123.72	60.11	2.82
60000	37.1	4.0	1.55e+04	22.93	7.16	40.72	68.10	4.78
60000	37.1	4.5	1.55e+04	3.59	1.15	18.07	82.50	6.70
60000	37.2	3.5	1.95e+04	260.40	71.29	138.44	71.07	3.47
60000	37.2	4.0	1.95e+04	23.68	7.42	45.84	79.72	5.69
60000	37.2	4.5	1.95e+04	3.77	1.21	19.83	92.39	7.56
60000	37.3	3.5	2.46e+04	264.77	73.29	155.78	84.54	4.28
60000	37.3	4.0	2.46e+04	24.53	7.71	51.69	93.33	6.76
60000	37.3	4.5	2.46e+04	3.97	1.26	21.76	103.44	8.51
60000	37.4	3.5	3.09e+04	268.94	75.24	175.38	100.66	5.27
60000	37.4	4.0	3.09e+04	25.42	8.01	58.15	108.85	8.00
60000	37.4	4.5	3.09e+04	4.17	1.32	23.80	115.29	9.52
60000	37.5	3.5	3.89e+04	273.54	77.32	197.90	120.05	6.47
60000	37.5	4.0	3.89e+04	26.40	8.34	65.50	126.81	9.45
60000	37.5	4.5	3.89e+04	4.39	1.38	26.11	128.69	10.66
60000	37.6	3.5	4.90e+04	279.40	79.76	224.22	143.62	7.96
60000	37.6	4.0	4.90e+04	27.45	8.68	73.66	147.43	11.12
60000	37.6	4.5	4.90e+04	4.60	1.44	28.54	143.04	11.87
80000	36.6	3.5	2.58e+03	244.28	62.50	73.57	27.54	0.93
80000	36.6	4.0	2.58e+03	20.16	6.14	19.74	25.59	1.57
80000	36.6	4.5	2.58e+03	2.81	0.92	10.08	40.04	3.13
80000	36.7	3.5	3.24e+03	247.03	63.96	79.05	30.56	1.08
80000	36.7	4.0	3.24e+03	20.67	6.34	22.41	30.63	1.93
80000	36.7	4.5	3.24e+03	2.96	0.97	11.21	45.83	3.64
80000	36.8	3.5	4.08e+03	250.02	65.50	85.74	34.46	1.28
80000	36.8	4.0	4.08e+03	21.25	6.56	25.43	36.50	2.35
80000	36.8	4.5	4.08e+03	3.13	1.02	12.42	52.26	4.21
80000	36.9	3.5	5.14e+03	252.87	67.02	93.69	39.38	1.54
80000	36.9	4.0	5.14e+03	21.83	6.77	28.77	43.17	2.84
80000	36.9	4.5	5.14e+03	3.31	1.07	13.73	59.38	4.85
80000	37.0	3.5	6.47e+03	255.77	68.57	103.10	45.51	1.87
80000	37.0	4.0	6.47e+03	22.53	7.02	32.62	51.16	3.43
80000	37.0	4.5	6.47e+03	3.49	1.13	15.16	67.00	5.53
80000	37.1	3.5	8.15e+03	258.84	70.18	114.16	53.10	2.28
80000	37.1	4.0	8.15e+03	23.21	7.26	36.83	60.04	4.11
80000	37.1	4.5	8.15e+03	3.68	1.18	16.66	75.28	6.27
80000	37.2	3.5	1.03e+04	262.70	72.01	127.47	62.64	2.81
80000	37.2	4.0	1.03e+04	23.99	7.53	41.66	70.55	4.91
80000	37.2	4.5	1.03e+04	3.88	1.24	18.30	84.42	7.09
80000	37.3	3.5	1.29e+04	266.33	73.79	142.63	74.12	3.46
80000	37.3	4.0	1.29e+04	24.78	7.80	47.01	82.46	5.84
80000	37.3	4.5	1.29e+04	4.08	1.30	20.09	94.27	7.96
80000	37.4	3.5	1.63e+04	270.94	75.85	160.56	88.24	4.28
80000	37.4	4.0	1.63e+04	25.72	8.11	53.17	96.61	6.95
80000	37.4	4.5	1.63e+04	4.28	1.35	22.01	105.08	8.91
80000	37.5	3.5	2.05e+04	275.43	77.88	181.03	105.25	5.29
80000	37.5	4.0	2.05e+04	26.71	8.44	60.05	112.82	8.24
80000	37.5	4.5	2.05e+04	4.48	1.41	24.12	116.92	9.94
80000	37.6	3.5	2.58e+04	281.11	80.25	205.04	125.98	6.53
80000	37.6	4.0	2.58e+04	27.74	8.78	67.69	131.27	9.73
80000	37.6	4.5	2.58e+04	4.70	1.48	26.47	130.30	11.09
100000	36.6	3.5	1.56e+03	245.23	63.01	72.29	26.56	0.84
100000	36.6	4.0	1.56e+03	20.35	6.23	18.21	23.57	1.41
100000	36.6	4.5	1.56e+03	2.87	0.94	9.42	37.47	2.99
100000	36.7	3.5	1.97e+03	248.02	64.49	77.01	29.30	0.97
100000	36.7	4.0	1.97e+03	20.90	6.44	20.73	28.28	1.74
100000	36.7	4.5	1.97e+03	3.05	1.00	10.53	43.25	3.51
100000	36.8	3.5	2.47e+03	250.50	65.91	82.71	32.78	1.14
100000	36.8	4.0	2.47e+03	21.51	6.67	23.59	33.82	2.13
100000	36.8	4.5	2.47e+03	3.22	1.05	11.70	49.33	4.06
100000	36.9	3.5	3.11e+03	253.87	67.58	89.95	37.34	1.37
100000	36.9	4.0	3.11e+03	22.17	6.90	26.84	40.19	2.59
100000	36.9	4.5	3.11e+03	3.41	1.10	12.96	56.10	4.68
100000	37.0	3.5	3.92e+03	256.93	69.19	98.45	42.98	1.65
100000	37.0	4.0	3.92e+03	22.84	7.14	30.45	47.52	3.13
100000	37.0	4.5	3.92e+03	3.59	1.16	14.30	63.33	5.34
100000	37.1	3.5	4.94e+03	260.72	70.99	108.81	50.11	2.02
100000	37.1	4.0	4.94e+03	23.58	7.40	34.52	55.97	3.77
100000	37.1	4.5	4.94e+03	3.80	1.22	15.79	71.28	6.07
100000	37.2	3.5	6.21e+03	264.17	72.73	120.84	58.84	2.48
100000	37.2	4.0	6.21e+03	24.46	7.70	39.26	66.02	4.53
100000	37.2	4.5	6.21e+03	4.01	1.28	17.37	79.91	6.86
100000	37.3	3.5	7.82e+03	268.60	74.74	135.26	69.72	3.07
100000	37.3	4.0	7.82e+03	25.33	7.99	44.48	77.50	5.42
100000	37.3	4.5	7.82e+03	4.22	1.34	19.11	89.28	7.72
100000	37.4	3.5	9.85e+03	272.81	76.69	151.75	82.81	3.79
100000	37.4	4.0	9.85e+03	26.32	8.32	50.44	90.84	6.46
100000	37.4	4.5	9.85e+03	4.43	1.40	20.96	99.48	8.64
100000	37.5	3.5	1.24e+04	278.16	78.96	171.37	98.96	4.70
100000	37.5	4.0	1.24e+04	27.35	8.65	57.08	106.06	7.67
100000	37.5	4.5	1.24e+04	4.66	1.47	23.06	111.01	9.67
100000	37.6	3.5	1.56e+04	284.06	81.41	194.10	118.51	5.83
100000	37.6	4.0	1.56e+04	28.51	9.03	64.63	123.86	9.09
100000	37.6	4.5	1.56e+04	4.88	1.53	25.30	123.37	10.76
120000	36.6	3.5	1.07e+03	244.90	63.12	71.50	26.18	0.81
120000	36.6	4.0	1.07e+03	20.51	6.29	17.62	22.88	1.35
120000	36.6	4.5	1.07e+03	2.91	0.96	9.11	36.53	2.93
120000	36.7	3.5	1.35e+03	247.86	64.67	75.95	28.84	0.93
120000	36.7	4.0	1.35e+03	21.09	6.51	20.10	27.53	1.68
120000	36.7	4.5	1.35e+03	3.09	1.01	10.22	42.23	3.44
120000	36.8	3.5	1.70e+03	250.46	66.14	81.33	32.23	1.09
120000	36.8	4.0	1.70e+03	21.74	6.75	22.92	32.95	2.06
120000	36.8	4.5	1.70e+03	3.29	1.07	11.42	48.45	4.02
120000	36.9	3.5	2.14e+03	254.09	67.91	88.24	36.68	1.30
120000	36.9	4.0	2.14e+03	22.44	7.00	26.13	39.20	2.51
120000	36.9	4.5	2.14e+03	3.49	1.13	12.68	55.07	4.63
120000	37.0	3.5	2.70e+03	257.23	69.56	96.42	42.25	1.57
120000	37.0	4.0	2.70e+03	23.23	7.28	29.77	46.56	3.05
120000	37.0	4.5	2.70e+03	3.69	1.19	14.05	62.22	5.30
120000	37.1	3.5	3.39e+03	261.15	71.45	106.41	49.30	1.92
120000	37.1	4.0	3.39e+03	24.05	7.56	33.83	55.06	3.68
120000	37.1	4.5	3.39e+03	3.90	1.25	15.50	69.98	6.03
120000	37.2	3.5	4.27e+03	265.37	73.41	118.28	58.06	2.36
120000	37.2	4.0	4.27e+03	24.93	7.86	38.42	64.85	4.43
120000	37.2	4.5	4.27e+03	4.13	1.32	17.10	78.54	6.84
120000	37.3	3.5	5.38e+03	270.05	75.51	132.33	68.90	2.93
120000	37.3	4.0	5.38e+03	25.89	8.18	43.62	76.18	5.30
120000	37.3	4.5	5.38e+03	4.35	1.38	18.77	87.48	7.68
120000	37.4	3.5	6.77e+03	274.57	77.57	148.49	82.09	3.64
120000	37.4	4.0	6.77e+03	26.91	8.51	49.41	89.23	6.32
120000	37.4	4.5	6.77e+03	4.59	1.45	20.66	97.67	8.62
120000	37.5	3.5	8.52e+03	280.28	79.98	167.73	98.12	4.52
120000	37.5	4.0	8.53e+03	28.08	8.89	56.11	104.50	7.53
120000	37.5	4.5	8.53e+03	4.82	1.52	22.70	108.69	9.63
120000	37.6	3.5	1.07e+04	286.40	82.50	189.99	117.49	5.62
120000	37.6	4.0	1.07e+04	29.26	9.27	63.42	121.87	8.92
120000	37.6	4.5	1.07e+04	5.08	1.59	24.95	121.16	10.75
140000	36.6	3.5	7.15e+02	242.75	62.68	69.87	26.18	0.82
140000	36.6	4.0	7.15e+02	20.55	6.31	17.01	22.82	1.33
140000	36.6	4.5	7.15e+02	2.96	0.97	8.83	36.68	2.89
140000	36.7	3.5	9.00e+02	245.97	64.32	74.06	28.76	0.94
140000	36.7	4.0	9.00e+02	21.18	6.54	19.48	27.37	1.63
140000	36.7	4.5	9.00e+02	3.15	1.03	9.96	42.36	3.41
140000	36.8	3.5	1.13e+03	249.32	66.02	79.36	32.12	1.08
140000	36.8	4.0	1.13e+03	21.87	6.80	22.28	32.65	2.00
140000	36.8	4.5	1.13e+03	3.35	1.09	11.18	48.45	3.97
140000	36.9	3.5	1.43e+03	252.93	67.82	85.99	36.50	1.28
140000	36.9	4.0	1.43e+03	22.64	7.07	25.45	38.87	2.45
140000	36.9	4.5	1.43e+03	3.56	1.15	12.47	55.11	4.59
140000	37.0	3.5	1.80e+03	256.35	69.58	93.84	41.93	1.53
140000	37.0	4.0	1.80e+03	23.48	7.36	29.04	46.11	2.97
140000	37.0	4.5	1.80e+03	3.78	1.22	13.85	62.24	5.26
140000	37.1	3.5	2.26e+03	261.04	71.70	103.71	48.97	1.87
140000	37.1	4.0	2.26e+03	24.38	7.67	33.09	54.36	3.59
140000	37.1	4.5	2.26e+03	4.02	1.29	15.36	70.09	6.00
140000	37.2	3.5	2.85e+03	265.38	73.72	115.20	57.65	2.29
140000	37.2	4.0	2.85e+03	25.41	8.01	37.66	64.25	4.33
140000	37.2	4.5	2.85e+03	4.25	1.35	16.96	78.40	6.80
140000	37.3	3.5	3.58e+03	270.27	75.90	128.83	68.57	2.84
140000	37.3	4.0	3.58e+03	26.43	8.35	42.71	75.29	5.19
140000	37.3	4.5	3.58e+03	4.50	1.43	18.68	87.48	7.67
140000	37.4	3.5	4.51e+03	275.63	78.23	144.86	81.76	3.53
140000	37.4	4.0	4.51e+03	27.57	8.73	48.51	88.14	6.20
140000	37.4	4.5	4.51e+03	4.77	1.50	20.54	97.39	8.62
140000	37.5	3.5	5.68e+03	282.02	80.86	163.98	97.70	4.39
140000	37.5	4.0	5.68e+03	28.82	9.13	55.02	103.29	7.41
140000	37.5	4.5	5.68e+03	5.04	1.57	22.51	108.00	9.64
140000	37.6	3.5	7.15e+03	288.52	83.54	185.91	117.17	5.46
140000	37.6	4.0	7.15e+03	30.10	9.54	62.25	120.58	8.80
140000	37.6	4.5	7.15e+03	5.31	1.65	24.72	119.86	10.76
160000	36.6	3.5	4.82e+02	240.92	62.21	69.47	27.73	0.96
160000	36.6	4.0	4.82e+02	20.53	6.30	16.71	24.33	1.39
160000	36.6	4.5	4.82e+02	2.97	0.98	8.64	38.09	2.89
160000	36.7	3.5	6.06e+02	244.42	63.93	73.59	30.66	1.10
160000	36.7	4.0	6.06e+02	21.19	6.55	19.19	29.09	1.71
160000	36.7	4.5	6.07e+02	3.16	1.04	9.78	43.92	3.40
160000	36.8	3.5	7.63e+02	247.66	65.61	78.67	34.37	1.28
160000	36.8	4.0	7.64e+02	21.89	6.80	22.02	34.62	2.08
160000	36.8	4.5	7.64e+02	3.38	1.10	11.03	50.48	3.97
160000	36.9	3.5	9.61e+02	251.53	67.48	85.14	39.13	1.51
160000	36.9	4.0	9.61e+02	22.73	7.09	25.29	41.28	2.54
160000	36.9	4.5	9.61e+02	3.59	1.16	12.36	57.51	4.60
160000	37.0	3.5	1.21e+03	255.43	69.38	93.03	45.15	1.80
160000	37.0	4.0	1.21e+03	23.57	7.39	28.93	48.89	3.08
160000	37.0	4.5	1.21e+03	3.83	1.23	13.85	65.32	5.31
160000	37.1	3.5	1.52e+03	259.55	71.34	102.56	52.74	2.18
160000	37.1	4.0	1.52e+03	24.53	7.71	33.07	57.76	3.71
160000	37.1	4.5	1.52e+03	4.07	1.30	15.42	73.64	6.07
160000	37.2	3.5	1.92e+03	264.55	73.57	114.26	62.27	2.66
160000	37.2	4.0	1.92e+03	25.54	8.05	37.75	68.02	4.47
160000	37.2	4.5	1.92e+03	4.32	1.38	17.11	82.66	6.89
160000	37.3	3.5	2.41e+03	269.45	75.78	127.90	73.90	3.27
160000	37.3	4.0	2.41e+03	26.66	8.42	43.05	79.97	5.36
160000	37.3	4.5	2.41e+03	4.59	1.45	18.93	92.48	7.80
160000	37.4	3.5	3.04e+03	275.59	78.33	144.42	88.37	4.03
160000	37.4	4.0	3.04e+03	27.88	8.82	49.05	93.86	6.42
160000	37.4	4.5	3.04e+03	4.88	1.53	20.89	103.23	8.79
160000	37.5	3.5	3.83e+03	281.76	80.92	163.55	105.56	4.97
160000	37.5	4.0	3.83e+03	29.13	9.23	55.75	109.76	7.66
160000	37.5	4.5	3.83e+03	5.15	1.61	23.01	114.68	9.85
160000	37.6	3.5	4.82e+03	288.43	83.65	185.87	126.45	6.13
160000	37.6	4.0	4.82e+03	30.54	9.68	63.35	128.32	9.13
160000	37.6	4.5	4.82e+03	5.44	1.69	25.31	127.18	11.02
180000	36.6	3.5	3.46e+02	240.11	62.02	69.46	28.64	1.04
180000	36.6	4.0	3.46e+02	20.56	6.32	16.46	24.90	1.41
180000	36.6	4.5	3.46e+02	2.98	0.98	8.47	38.49	2.87
180000	36.7	3.5	4.35e+02	243.72	63.77	73.37	31.65	1.19
180000	36.7	4.0	4.35e+02	21.23	6.57	18.93	29.66	1.73
180000	36.7	4.5	4.35e+02	3.18	1.04	9.60	44.40	3.39
180000	36.8	3.5	5.48e+02	246.95	65.46	78.22	35.42	1.37
180000	36.8	4.0	5.48e+02	21.94	6.82	21.72	35.21	2.10
180000	36.8	4.5	5.48e+02	3.40	1.11	10.85	50.87	3.97
180000	36.9	3.5	6.90e+02	250.66	67.28	84.47	40.31	1.61
180000	36.9	4.0	6.90e+02	22.76	7.10	24.92	41.88	2.55
180000	36.9	4.5	6.90e+02	3.63	1.18	12.23	58.11	4.61
180000	37.0	3.5	8.68e+02	254.74	69.23	92.19	46.47	1.92
180000	37.0	4.0	8.69e+02	23.66	7.42	28.61	49.51	3.09
180000	37.0	4.5	8.69e+02	3.86	1.24	13.69	65.86	5.31
180000	37.1	3.5	1.09e+03	258.82	71.19	101.51	54.17	2.31
180000	37.1	4.0	1.09e+03	24.61	7.73	32.69	58.50	3.73
180000	37.1	4.5	1.09e+03	4.11	1.32	15.29	74.39	6.09
180000	37.2	3.5	1.38e+03	263.94	73.43	113.00	64.01	2.81
180000	37.2	4.0	1.38e+03	25.64	8.08	37.33	68.87	4.48
180000	37.2	4.5	1.38e+03	4.38	1.39	17.03	83.75	6.94
180000	37.3	3.5	1.73e+03	268.84	75.65	126.46	75.86	3.43
180000	37.3	4.0	1.73e+03	26.80	8.46	42.69	81.10	5.39
180000	37.3	4.5	1.73e+03	4.67	1.47	18.88	93.90	7.86
180000	37.4	3.5	2.18e+03	274.94	78.22	142.86	90.43	4.21
180000	37.4	4.0	2.18e+03	28.03	8.86	48.69	95.31	6.46
180000	37.4	4.5	2.18e+03	4.95	1.55	20.91	104.87	8.87
180000	37.5	3.5	2.75e+03	281.16	80.82	161.88	108.03	5.18
180000	37.5	4.0	2.75e+03	29.35	9.30	55.54	111.69	7.72
180000	37.5	4.5	2.75e+03	5.23	1.63	23.01	116.34	9.92
180000	37.6	3.5	3.46e+03	288.61	83.78	184.66	129.78	6.39
180000	37.6	4.0	3.46e+03	30.79	9.76	63.25	130.77	9.21
180000	37.6	4.5	3.46e+03	5.53	1.71	25.39	129.34	11.11
