0000 6.000000000000000000e+04 1.026044683521766501e+03 3.500000000000000000e+00 4.90E+03 1.96224 0.836095 12.0387 5.34994 0.351817
0001 6.000000000000000000e+04 1.026044683521766501e+03 4.000000000000000000e+00 4.90E+03 0.415888 0.166238 6.391 9.39997 0.639402
0002 6.000000000000000000e+04 1.026044683521766501e+03 4.500000000000000000e+00 4.90E+03 0.156552 0.048586 3.6455 16.3524 1.08353
0003 6.000000000000000000e+04 1.291710751444522657e+03 3.500000000000000000e+00 6.17E+03 2.04217 0.87479 13.6392 6.36232 0.421145
0004 6.000000000000000000e+04 1.291710751444522657e+03 4.000000000000000000e+00 6.17E+03 0.433977 0.172452 6.98201 10.7076 0.733502
0005 6.000000000000000000e+04 1.291710751444522657e+03 4.500000000000000000e+00 6.17E+03 0.162033 0.0501909 3.87423 18.0457 1.19907
0006 6.000000000000000000e+04 1.626174978476519755e+03 3.500000000000000000e+00 7.77E+03 2.12319 0.914137 15.3993 7.52957 0.50161
0007 6.000000000000000000e+04 1.626174978476519755e+03 4.000000000000000000e+00 7.77E+03 0.454015 0.179563 7.60122 12.1336 0.836681
0008 6.000000000000000000e+04 1.626174978476519755e+03 4.500000000000000000e+00 7.77E+03 0.167705 0.0518685 4.11962 19.908 1.32503
0009 6.000000000000000000e+04 2.047228290505137920e+03 3.500000000000000000e+00 9.78E+03 2.20569 0.954396 17.3371 8.87176 0.594687
0010 6.000000000000000000e+04 2.047228290505137920e+03 4.000000000000000000e+00 9.78E+03 0.476981 0.187816 8.26798 13.7135 0.951415
0011 6.000000000000000000e+04 2.047228290505137920e+03 4.500000000000000000e+00 9.78E+03 0.173992 0.0537102 4.37598 21.9252 1.45995
0012 6.000000000000000000e+04 2.577319587628865520e+03 3.500000000000000000e+00 1.23E+04 2.29487 0.997914 19.507 10.4311 0.703371
0013 6.000000000000000000e+04 2.577319587628865520e+03 4.000000000000000000e+00 1.23E+04 0.503745 0.197381 9.0097 15.5019 1.08147
0014 6.000000000000000000e+04 2.577319587628865520e+03 4.500000000000000000e+00 1.23E+04 0.179324 0.0552822 4.63414 24.0579 1.60071
0015 6.000000000000000000e+04 3.244638181035417347e+03 3.500000000000000000e+00 1.55E+04 2.3813 1.04079 21.8525 12.1901 0.826759
0016 6.000000000000000000e+04 3.244638181035417347e+03 4.000000000000000000e+00 1.55E+04 0.532389 0.207461 9.79871 17.4567 1.22415
0017 6.000000000000000000e+04 3.244638181035417347e+03 4.500000000000000000e+00 1.55E+04 0.185762 0.0571682 4.91999 26.4193 1.75563
0018 6.000000000000000000e+04 4.084748052692324109e+03 3.500000000000000000e+00 1.95E+04 2.47328 1.08645 24.4713 14.2192 0.969566
0019 6.000000000000000000e+04 4.084748052692324109e+03 4.000000000000000000e+00 1.95E+04 0.561847 0.217724 10.645 19.6002 1.38084
0020 6.000000000000000000e+04 4.084748052692324109e+03 4.500000000000000000e+00 1.95E+04 0.192442 0.0591054 5.21143 28.9063 1.91726
0021 6.000000000000000000e+04 5.142416805961092905e+03 3.500000000000000000e+00 2.46E+04 2.55846 1.12991 27.2717 16.4775 1.12945
0022 6.000000000000000000e+04 5.142416805961092905e+03 4.000000000000000000e+00 2.46E+04 0.593458 0.228629 11.5586 21.956 1.55332
0023 6.000000000000000000e+04 5.142416805961092905e+03 4.500000000000000000e+00 2.46E+04 0.199267 0.0610671 5.51644 31.5356 2.08735
0024 6.000000000000000000e+04 6.473904288329098563e+03 3.500000000000000000e+00 3.09E+04 2.64842 1.17641 30.3924 19.0648 1.31321
0025 6.000000000000000000e+04 6.473904288329098563e+03 4.000000000000000000e+00 3.09E+04 0.627204 0.240071 12.5291 24.5075 1.74054
0026 6.000000000000000000e+04 6.473904288329098563e+03 4.500000000000000000e+00 3.09E+04 0.206201 0.063035 5.83381 34.2918 2.26532
0027 6.000000000000000000e+04 8.150200155073142014e+03 3.500000000000000000e+00 3.89E+04 2.73027 1.22 33.7138 21.9188 1.51689
0028 6.000000000000000000e+04 8.150200155073142014e+03 4.000000000000000000e+00 3.89E+04 0.663372 0.252247 13.5877 27.3212 1.94707
0029 6.000000000000000000e+04 8.150200155073142014e+03 4.500000000000000000e+00 3.89E+04 0.213466 0.0650783 6.16023 37.1446 2.44902
0030 6.000000000000000000e+04 1.026044683521766638e+04 3.500000000000000000e+00 4.90E+04 2.82185 1.26761 37.3937 25.1588 1.74887
0031 6.000000000000000000e+04 1.026044683521766638e+04 4.000000000000000000e+00 4.90E+04 0.699107 0.264089 14.6777 30.2817 2.16473
0032 6.000000000000000000e+04 1.026044683521766638e+04 4.500000000000000000e+00 4.90E+04 0.221924 0.0674458 6.51854 40.2103 2.64707
0033 8.000000000000000000e+04 1.026044683521766501e+03 3.500000000000000000e+00 2.57E+03 1.90666 0.804421 9.93288 4.02453 0.261089
0034 8.000000000000000000e+04 1.026044683521766501e+03 4.000000000000000000e+00 2.58E+03 0.422016 0.165357 5.63477 7.48412 0.501873
0035 8.000000000000000000e+04 1.026044683521766501e+03 4.500000000000000000e+00 2.58E+03 0.165926 0.0504122 3.37703 13.9016 0.939444
0036 8.000000000000000000e+04 1.291710751444522657e+03 3.500000000000000000e+00 3.24E+03 1.9752 0.838385 11.2744 4.78811 0.312497
0037 8.000000000000000000e+04 1.291710751444522657e+03 4.000000000000000000e+00 3.24E+03 0.436949 0.170552 6.13308 8.49285 0.572977
0038 8.000000000000000000e+04 1.291710751444522657e+03 4.500000000000000000e+00 3.24E+03 0.170478 0.0517737 3.57657 15.2672 1.03295
0039 8.000000000000000000e+04 1.626174978476519755e+03 3.500000000000000000e+00 4.08E+03 2.04864 0.874808 12.7883 5.68719 0.373396
0040 8.000000000000000000e+04 1.626174978476519755e+03 4.000000000000000000e+00 4.08E+03 0.454431 0.176927 6.66617 9.61023 0.652096
0041 8.000000000000000000e+04 1.626174978476519755e+03 4.500000000000000000e+00 4.08E+03 0.175235 0.0532081 3.78838 16.7565 1.13375
0042 8.000000000000000000e+04 2.047228290505137920e+03 3.500000000000000000e+00 5.14E+03 2.12359 0.912352 14.4678 6.72974 0.444416
0043 8.000000000000000000e+04 2.047228290505137920e+03 4.000000000000000000e+00 5.14E+03 0.474532 0.184366 7.25978 10.8767 0.742168
0044 8.000000000000000000e+04 2.047228290505137920e+03 4.500000000000000000e+00 5.14E+03 0.179691 0.0545804 4.00874 18.3589 1.24128
0045 8.000000000000000000e+04 2.577319587628865520e+03 3.500000000000000000e+00 6.47E+03 2.1998 0.950909 16.3259 7.93396 0.526881
0046 8.000000000000000000e+04 2.577319587628865520e+03 4.000000000000000000e+00 6.47E+03 0.49629 0.192248 7.88835 12.2616 0.841008
0047 8.000000000000000000e+04 2.577319587628865520e+03 4.500000000000000000e+00 6.47E+03 0.184283 0.0559763 4.22982 20.0414 1.35315
0048 8.000000000000000000e+04 3.244638181035417347e+03 3.500000000000000000e+00 8.14E+03 2.27596 0.990187 18.3713 9.31379 0.621923
0049 8.000000000000000000e+04 3.244638181035417347e+03 4.000000000000000000e+00 8.14E+03 0.520278 0.200869 8.58017 13.8136 0.952075
0050 8.000000000000000000e+04 3.244638181035417347e+03 4.500000000000000000e+00 8.14E+03 0.188435 0.0572675 4.46246 21.8555 1.47283
0051 8.000000000000000000e+04 4.084748052692324109e+03 3.500000000000000000e+00 1.03E+04 2.35026 1.02934 20.617 10.8891 0.730987
0052 8.000000000000000000e+04 4.084748052692324109e+03 4.000000000000000000e+00 1.03E+04 0.546145 0.210054 9.33326 15.5322 1.0755
0053 8.000000000000000000e+04 4.084748052692324109e+03 4.500000000000000000e+00 1.03E+04 0.193522 0.0588177 4.71219 23.8358 1.60228
0054 8.000000000000000000e+04 5.142416805961092905e+03 3.500000000000000000e+00 1.29E+04 2.42828 1.07106 23.1299 12.7089 0.85741
0055 8.000000000000000000e+04 5.142416805961092905e+03 4.000000000000000000e+00 1.29E+04 0.573838 0.219725 10.1334 17.4003 1.20992
0056 8.000000000000000000e+04 5.142416805961092905e+03 4.500000000000000000e+00 1.29E+04 0.198621 0.0603607 4.97172 25.9307 1.73868
0057 8.000000000000000000e+04 6.473904288329098563e+03 3.500000000000000000e+00 1.62E+04 2.50027 1.11087 25.8254 14.7386 0.999182
0058 8.000000000000000000e+04 6.473904288329098563e+03 4.000000000000000000e+00 1.62E+04 0.603 0.229834 11.0056 19.4634 1.3586
0059 8.000000000000000000e+04 6.473904288329098563e+03 4.500000000000000000e+00 1.62E+04 0.203699 0.0618852 5.24016 28.1369 1.88129
0060 8.000000000000000000e+04 8.150200155073142014e+03 3.500000000000000000e+00 2.05E+04 2.57054 1.15014 28.7564 17.0181 1.159
0061 8.000000000000000000e+04 8.150200155073142014e+03 4.000000000000000000e+00 2.05E+04 0.634091 0.240441 11.9304 21.6881 1.51924
0062 8.000000000000000000e+04 8.150200155073142014e+03 4.500000000000000000e+00 2.05E+04 0.209736 0.0636737 5.5354 30.5287 2.03576
0063 8.000000000000000000e+04 1.026044683521766638e+04 3.500000000000000000e+00 2.57E+04 2.66243 1.19602 32.0164 19.6177 1.34188
0064 8.000000000000000000e+04 1.026044683521766638e+04 4.000000000000000000e+00 2.58E+04 0.668552 0.25207 12.9422 24.1403 1.69639
0065 8.000000000000000000e+04 1.026044683521766638e+04 4.500000000000000000e+00 2.58E+04 0.215701 0.0654087 5.83491 32.968 2.19343
0066 1.000000000000000000e+05 1.026044683521766501e+03 3.500000000000000000e+00 1.56E+03 1.91539 0.803566 8.77415 3.34452 0.215626
0067 1.000000000000000000e+05 1.026044683521766501e+03 4.000000000000000000e+00 1.56E+03 0.442652 0.169937 5.21053 6.43549 0.429785
0068 1.000000000000000000e+05 1.026044683521766501e+03 4.500000000000000000e+00 1.56E+03 0.176159 0.0526205 3.23708 12.7512 0.874443
0069 1.000000000000000000e+05 1.291710751444522657e+03 3.500000000000000000e+00 1.96E+03 1.98589 0.838024 9.99233 3.97949 0.257981
0070 1.000000000000000000e+05 1.291710751444522657e+03 4.000000000000000000e+00 1.96E+03 0.457068 0.175063 5.67059 7.27788 0.48894
0071 1.000000000000000000e+05 1.291710751444522657e+03 4.500000000000000000e+00 1.96E+03 0.181084 0.054084 3.42834 13.9254 0.956935
0072 1.000000000000000000e+05 1.626174978476519755e+03 3.500000000000000000e+00 2.47E+03 2.05558 0.87255 11.3444 4.71978 0.307698
0073 1.000000000000000000e+05 1.626174978476519755e+03 4.000000000000000000e+00 2.47E+03 0.473686 0.181226 6.16197 8.21646 0.55499
0074 1.000000000000000000e+05 1.626174978476519755e+03 4.500000000000000000e+00 2.47E+03 0.1858 0.0555125 3.62137 15.1524 1.0425
0075 1.000000000000000000e+05 2.047228290505137920e+03 3.500000000000000000e+00 3.11E+03 2.13114 0.910085 12.8757 5.59314 0.366697
0076 1.000000000000000000e+05 2.047228290505137920e+03 4.000000000000000000e+00 3.11E+03 0.492932 0.188379 6.70451 9.27961 0.630081
0077 1.000000000000000000e+05 2.047228290505137920e+03 4.500000000000000000e+00 3.11E+03 0.189816 0.0567804 3.81867 16.453 1.13224
0078 1.000000000000000000e+05 2.577319587628865520e+03 3.500000000000000000e+00 3.92E+03 2.20229 0.946379 14.5441 6.59198 0.434554
0079 1.000000000000000000e+05 2.577319587628865520e+03 4.000000000000000000e+00 3.92E+03 0.512521 0.195617 7.28386 10.4519 0.713147
0080 1.000000000000000000e+05 2.577319587628865520e+03 4.500000000000000000e+00 3.92E+03 0.193255 0.0578955 4.0131 17.8066 1.22427
0081 1.000000000000000000e+05 3.244638181035417347e+03 3.500000000000000000e+00 4.93E+03 2.27757 0.985143 16.4202 7.75732 0.514112
0082 1.000000000000000000e+05 3.244638181035417347e+03 4.000000000000000000e+00 4.94E+03 0.534465 0.203597 7.92047 11.767 0.806523
0083 1.000000000000000000e+05 3.244638181035417347e+03 4.500000000000000000e+00 4.94E+03 0.197148 0.0591502 4.22913 19.3326 1.32657
0084 1.000000000000000000e+05 4.084748052692324109e+03 3.500000000000000000e+00 6.21E+03 2.3537 1.02498 18.488 9.09526 0.605934
0085 1.000000000000000000e+05 4.084748052692324109e+03 4.000000000000000000e+00 6.21E+03 0.557732 0.211924 8.60155 13.2096 0.909254
0086 1.000000000000000000e+05 4.084748052692324109e+03 4.500000000000000000e+00 6.21E+03 0.201269 0.0604789 4.45053 20.9549 1.43408
0087 1.000000000000000000e+05 5.142416805961092905e+03 3.500000000000000000e+00 7.82E+03 2.42658 1.06437 20.7564 10.6198 0.711027
0088 1.000000000000000000e+05 5.142416805961092905e+03 4.000000000000000000e+00 7.82E+03 0.585384 0.221668 9.36254 14.8358 1.02527
0089 1.000000000000000000e+05 5.142416805961092905e+03 4.500000000000000000e+00 7.82E+03 0.205353 0.0617937 4.6868 22.7169 1.54974
0090 1.000000000000000000e+05 6.473904288329098563e+03 3.500000000000000000e+00 9.84E+03 2.49821 1.10402 23.2435 12.3513 0.830916
0091 1.000000000000000000e+05 6.473904288329098563e+03 4.000000000000000000e+00 9.85E+03 0.614056 0.231634 10.1802 16.6151 1.1525
0092 1.000000000000000000e+05 6.473904288329098563e+03 4.500000000000000000e+00 9.85E+03 0.209146 0.0630099 4.92672 24.5563 1.66991
0093 1.000000000000000000e+05 8.150200155073142014e+03 3.500000000000000000e+00 1.24E+04 2.57091 1.14368 25.9559 14.3057 0.966821
0094 1.000000000000000000e+05 8.150200155073142014e+03 4.000000000000000000e+00 1.24E+04 0.644058 0.241829 11.0271 18.5041 1.2879
0095 1.000000000000000000e+05 8.150200155073142014e+03 4.500000000000000000e+00 1.24E+04 0.214123 0.0645448 5.18879 26.549 1.79979
0096 1.000000000000000000e+05 1.026044683521766638e+04 3.500000000000000000e+00 1.56E+04 2.6647 1.18844 28.9109 16.5029 1.12019
0097 1.000000000000000000e+05 1.026044683521766638e+04 4.000000000000000000e+00 1.56E+04 0.678214 0.253433 11.9816 20.632 1.44043
0098 1.000000000000000000e+05 1.026044683521766638e+04 4.500000000000000000e+00 1.56E+04 0.219497 0.0661725 5.46761 28.6647 1.93712
0099 1.200000000000000000e+05 1.026044683521766501e+03 3.500000000000000000e+00 1.07E+03 1.94241 0.81236 8.34947 3.11824 0.2016
0100 1.200000000000000000e+05 1.026044683521766501e+03 4.000000000000000000e+00 1.07E+03 0.458157 0.174134 5.08335 6.21337 0.413921
0101 1.200000000000000000e+05 1.026044683521766501e+03 4.500000000000000000e+00 1.07E+03 0.182341 0.0540427 3.19172 12.7706 0.866863
0102 1.200000000000000000e+05 1.291710751444522657e+03 3.500000000000000000e+00 1.35E+03 2.01766 0.848418 9.53161 3.69622 0.240108
0103 1.200000000000000000e+05 1.291710751444522657e+03 4.000000000000000000e+00 1.35E+03 0.473097 0.179443 5.52864 6.95043 0.46638
0104 1.200000000000000000e+05 1.291710751444522657e+03 4.500000000000000000e+00 1.35E+03 0.187697 0.0556321 3.37954 13.8685 0.944662
0105 1.200000000000000000e+05 1.626174978476519755e+03 3.500000000000000000e+00 1.70E+03 2.09172 0.884365 10.8274 4.36656 0.285095
0106 1.200000000000000000e+05 1.626174978476519755e+03 4.000000000000000000e+00 1.70E+03 0.489077 0.185464 6.00094 7.76736 0.524791
0107 1.200000000000000000e+05 1.626174978476519755e+03 4.500000000000000000e+00 1.70E+03 0.19187 0.056935 3.56859 14.9972 1.02426
0108 1.200000000000000000e+05 2.047228290505137920e+03 3.500000000000000000e+00 2.14E+03 2.17116 0.923051 12.2956 5.15942 0.338618
0109 1.200000000000000000e+05 2.047228290505137920e+03 4.000000000000000000e+00 2.14E+03 0.508565 0.1927 6.51904 8.69303 0.591185
0110 1.200000000000000000e+05 2.047228290505137920e+03 4.500000000000000000e+00 2.14E+03 0.196681 0.0584379 3.7687 16.1977 1.10887
0111 1.200000000000000000e+05 2.577319587628865520e+03 3.500000000000000000e+00 2.69E+03 2.25176 0.962739 13.927 6.08111 0.401194
0112 1.200000000000000000e+05 2.577319587628865520e+03 4.000000000000000000e+00 2.70E+03 0.530643 0.200796 7.09155 9.75272 0.667095
0113 1.200000000000000000e+05 2.577319587628865520e+03 4.500000000000000000e+00 2.70E+03 0.200661 0.0597253 3.96397 17.4028 1.19406
0114 1.200000000000000000e+05 3.244638181035417347e+03 3.500000000000000000e+00 3.39E+03 2.33402 1.00372 15.7308 7.14558 0.473904
0115 1.200000000000000000e+05 3.244638181035417347e+03 4.000000000000000000e+00 3.39E+03 0.555319 0.209625 7.70926 10.9364 0.751994
0116 1.200000000000000000e+05 3.244638181035417347e+03 4.500000000000000000e+00 3.39E+03 0.204662 0.0610401 4.16812 18.6829 1.28439
0117 1.200000000000000000e+05 4.084748052692324109e+03 3.500000000000000000e+00 4.27E+03 2.41398 1.04462 17.7227 8.37013 0.557954
0118 1.200000000000000000e+05 4.084748052692324109e+03 4.000000000000000000e+00 4.27E+03 0.580767 0.218599 8.36887 12.2414 0.845721
0119 1.200000000000000000e+05 4.084748052692324109e+03 4.500000000000000000e+00 4.27E+03 0.208425 0.062285 4.37386 20.017 1.37813
0120 1.200000000000000000e+05 5.142416805961092905e+03 3.500000000000000000e+00 5.38E+03 2.49209 1.08564 19.9165 9.7726 0.654712
0121 1.200000000000000000e+05 5.142416805961092905e+03 4.000000000000000000e+00 5.38E+03 0.608802 0.228377 9.09287 13.7031 0.950766
0122 1.200000000000000000e+05 5.142416805961092905e+03 4.500000000000000000e+00 5.38E+03 0.212564 0.0636429 4.5961 21.4869 1.48046
0123 1.200000000000000000e+05 6.473904288329098563e+03 3.500000000000000000e+00 6.77E+03 2.57021 1.12725 22.3193 11.3684 0.765301
0124 1.200000000000000000e+05 6.473904288329098563e+03 4.000000000000000000e+00 6.77E+03 0.639809 0.239086 9.89132 15.3411 1.06852
0125 1.200000000000000000e+05 6.473904288329098563e+03 4.500000000000000000e+00 6.77E+03 0.216939 0.0650508 4.83108 23.0935 1.5906
0126 1.200000000000000000e+05 8.150200155073142014e+03 3.500000000000000000e+00 8.52E+03 2.64924 1.16903 24.9519 13.1783 0.89127
0127 1.200000000000000000e+05 8.150200155073142014e+03 4.000000000000000000e+00 8.52E+03 0.67287 0.250167 10.7218 17.0896 1.19436
0128 1.200000000000000000e+05 8.150200155073142014e+03 4.500000000000000000e+00 8.52E+03 0.222295 0.0666997 5.0809 24.8393 1.7087
0129 1.200000000000000000e+05 1.026044683521766638e+04 3.500000000000000000e+00 1.07E+04 2.74801 1.2155 27.8242 15.2195 1.0339
0130 1.200000000000000000e+05 1.026044683521766638e+04 4.000000000000000000e+00 1.07E+04 0.709974 0.262575 11.6511 19.0561 1.33598
0131 1.200000000000000000e+05 1.026044683521766638e+04 4.500000000000000000e+00 1.07E+04 0.22819 0.0684652 5.35105 26.7452 1.83623
0132 1.400000000000000000e+05 1.026044683521766501e+03 3.500000000000000000e+00 7.15E+02 1.96894 0.820985 8.13335 3.6929 0.249121
0133 1.400000000000000000e+05 1.026044683521766501e+03 4.000000000000000000e+00 7.15E+02 0.470082 0.177493 5.01499 6.93428 0.454219
0134 1.400000000000000000e+05 1.026044683521766501e+03 4.500000000000000000e+00 7.15E+02 0.189177 0.0556593 3.18322 13.8855 0.903988
0135 1.400000000000000000e+05 1.291710751444522657e+03 3.500000000000000000e+00 9.00E+02 2.0498 0.858974 9.29244 4.28786 0.289245
0136 1.400000000000000000e+05 1.291710751444522657e+03 4.000000000000000000e+00 9.00E+02 0.486182 0.183244 5.46336 7.67114 0.506337
0137 1.400000000000000000e+05 1.291710751444522657e+03 4.500000000000000000e+00 9.00E+02 0.194094 0.0571709 3.37326 14.9968 0.980672
0138 1.400000000000000000e+05 1.626174978476519755e+03 3.500000000000000000e+00 1.13E+03 2.13646 0.899714 10.6091 4.98586 0.336519
0139 1.400000000000000000e+05 1.626174978476519755e+03 4.000000000000000000e+00 1.13E+03 0.503951 0.189884 5.93802 8.4657 0.563007
0140 1.400000000000000000e+05 1.626174978476519755e+03 4.500000000000000000e+00 1.13E+03 0.198455 0.0585585 3.56126 16.1097 1.05756
0141 1.400000000000000000e+05 2.047228290505137920e+03 3.500000000000000000e+00 1.43E+03 2.22371 0.941014 12.0614 5.78596 0.390982
0142 1.400000000000000000e+05 2.047228290505137920e+03 4.000000000000000000e+00 1.43E+03 0.526941 0.198317 6.47263 9.37046 0.627793
0143 1.400000000000000000e+05 2.047228290505137920e+03 4.500000000000000000e+00 1.43E+03 0.202438 0.0598886 3.75916 17.2831 1.13839
0144 1.400000000000000000e+05 2.577319587628865520e+03 3.500000000000000000e+00 1.80E+03 2.31338 0.983905 13.6978 6.71455 0.454407
0145 1.400000000000000000e+05 2.577319587628865520e+03 4.000000000000000000e+00 1.80E+03 0.551773 0.207262 7.04328 10.3549 0.698835
0146 1.400000000000000000e+05 2.577319587628865520e+03 4.500000000000000000e+00 1.80E+03 0.206828 0.0613359 3.95892 18.4804 1.22141
0147 1.400000000000000000e+05 3.244638181035417347e+03 3.500000000000000000e+00 2.26E+03 2.39956 1.02594 15.4858 7.76512 0.526558
0148 1.400000000000000000e+05 3.244638181035417347e+03 4.000000000000000000e+00 2.26E+03 0.578288 0.216636 7.6534 11.4244 0.776569
0149 1.400000000000000000e+05 3.244638181035417347e+03 4.500000000000000000e+00 2.26E+03 0.211554 0.0628825 4.16681 19.7317 1.30866
0150 1.400000000000000000e+05 4.084748052692324109e+03 3.500000000000000000e+00 2.85E+03 2.49102 1.07085 17.4952 8.97926 0.610261
0151 1.400000000000000000e+05 4.084748052692324109e+03 4.000000000000000000e+00 2.85E+03 0.608763 0.22719 8.32363 12.6178 0.863585
0152 1.400000000000000000e+05 4.084748052692324109e+03 4.500000000000000000e+00 2.85E+03 0.215869 0.0643089 4.37562 20.9924 1.39811
0153 1.400000000000000000e+05 5.142416805961092905e+03 3.500000000000000000e+00 3.58E+03 2.5818 1.11642 19.7206 10.3634 0.706164
0154 1.400000000000000000e+05 5.142416805961092905e+03 4.000000000000000000e+00 3.58E+03 0.641358 0.238376 9.0571 13.9409 0.96081
0155 1.400000000000000000e+05 5.142416805961092905e+03 4.500000000000000000e+00 3.58E+03 0.220764 0.0658965 4.59811 22.3191 1.49356
0156 1.400000000000000000e+05 6.473904288329098563e+03 3.500000000000000000e+00 4.51E+03 2.67134 1.16225 22.1699 11.9339 0.815503
0157 1.400000000000000000e+05 6.473904288329098563e+03 4.000000000000000000e+00 4.51E+03 0.677514 0.250609 9.86282 15.4165 1.06971
0158 1.400000000000000000e+05 6.473904288329098563e+03 4.500000000000000000e+00 4.51E+03 0.227359 0.067912 4.84041 23.7433 1.59755
0159 1.400000000000000000e+05 8.150200155073142014e+03 3.500000000000000000e+00 5.68E+03 2.76097 1.2082 24.859 13.7106 0.939785
0160 1.400000000000000000e+05 8.150200155073142014e+03 4.000000000000000000e+00 5.68E+03 0.7139 0.26266 10.7005 16.9958 1.18686
0161 1.400000000000000000e+05 8.150200155073142014e+03 4.500000000000000000e+00 5.68E+03 0.233601 0.0697788 5.08302 25.1637 1.70328
0162 1.400000000000000000e+05 1.026044683521766638e+04 3.500000000000000000e+00 7.15E+03 2.8702 1.25897 27.8 15.7131 1.08041
0163 1.400000000000000000e+05 1.026044683521766638e+04 4.000000000000000000e+00 7.15E+03 0.753663 0.275699 11.6222 18.7777 1.31887
0164 1.400000000000000000e+05 1.026044683521766638e+04 4.500000000000000000e+00 7.15E+03 0.240605 0.071791 5.33729 26.6344 1.8144
0165 1.600000000000000000e+05 1.026044683521766501e+03 3.500000000000000000e+00 4.82E+02 1.97453 0.821224 8.30141 5.54868 0.395964
0166 1.600000000000000000e+05 1.026044683521766501e+03 4.000000000000000000e+00 4.82E+02 0.481075 0.180467 5.09672 8.87971 0.569392
0167 1.600000000000000000e+05 1.026044683521766501e+03 4.500000000000000000e+00 4.82E+02 0.195313 0.057005 3.24082 16.3115 0.995965
0168 1.600000000000000000e+05 1.291710751444522657e+03 3.500000000000000000e+00 6.06E+02 2.06068 0.861124 9.52548 6.47287 0.462257
0169 1.600000000000000000e+05 1.291710751444522657e+03 4.000000000000000000e+00 6.06E+02 0.495079 0.185579 5.55206 9.86787 0.636367
0170 1.600000000000000000e+05 1.291710751444522657e+03 4.500000000000000000e+00 6.06E+02 0.200234 0.0585525 3.44587 17.7198 1.08405
0171 1.600000000000000000e+05 1.626174978476519755e+03 3.500000000000000000e+00 7.63E+02 2.14719 0.901443 10.8911 7.54674 0.539509
0172 1.600000000000000000e+05 1.626174978476519755e+03 4.000000000000000000e+00 7.63E+02 0.513296 0.19242 6.04854 10.9706 0.711305
0173 1.600000000000000000e+05 1.626174978476519755e+03 4.500000000000000000e+00 7.63E+02 0.204548 0.0599621 3.6414 19.1271 1.17079
0174 1.600000000000000000e+05 2.047228290505137920e+03 3.500000000000000000e+00 9.61E+02 2.23896 0.944175 12.4202 8.7988 0.629812
0175 1.600000000000000000e+05 2.047228290505137920e+03 4.000000000000000000e+00 9.61E+02 0.536205 0.200822 6.597 12.2158 0.796108
0176 1.600000000000000000e+05 2.047228290505137920e+03 4.500000000000000000e+00 9.61E+02 0.208127 0.0612142 3.83859 20.5793 1.25973
0177 1.600000000000000000e+05 2.577319587628865520e+03 3.500000000000000000e+00 1.21E+03 2.33103 0.987478 14.1337 10.2503 0.734776
0178 1.600000000000000000e+05 2.577319587628865520e+03 4.000000000000000000e+00 1.21E+03 0.562442 0.21026 7.20153 13.6143 0.891641
0179 1.600000000000000000e+05 2.577319587628865520e+03 4.500000000000000000e+00 1.21E+03 0.21201 0.0625715 4.04869 22.1369 1.35496
0180 1.600000000000000000e+05 3.244638181035417347e+03 3.500000000000000000e+00 1.52E+03 2.42803 1.03352 16.0807 11.9555 0.858391
0181 1.600000000000000000e+05 3.244638181035417347e+03 4.000000000000000000e+00 1.52E+03 0.590674 0.220188 7.85005 15.155 0.997116
0182 1.600000000000000000e+05 3.244638181035417347e+03 4.500000000000000000e+00 1.52E+03 0.216401 0.0640798 4.26713 23.7657 1.45492
0183 1.600000000000000000e+05 4.084748052692324109e+03 3.500000000000000000e+00 1.92E+03 2.52708 1.08106 18.2542 13.9222 1.00137
0184 1.600000000000000000e+05 4.084748052692324109e+03 4.000000000000000000e+00 1.92E+03 0.623526 0.231597 8.58818 16.9324 1.11891
0185 1.600000000000000000e+05 4.084748052692324109e+03 4.500000000000000000e+00 1.92E+03 0.221118 0.0656707 4.4918 25.4476 1.55891
0186 1.600000000000000000e+05 5.142416805961092905e+03 3.500000000000000000e+00 2.41E+03 2.61973 1.12667 20.6302 16.1523 1.16398
0187 1.600000000000000000e+05 5.142416805961092905e+03 4.000000000000000000e+00 2.41E+03 0.657434 0.243082 9.3623 18.8488 1.25085
0188 1.600000000000000000e+05 5.142416805961092905e+03 4.500000000000000000e+00 2.41E+03 0.226424 0.0673824 4.72807 27.2059 1.6691
0189 1.600000000000000000e+05 6.473904288329098563e+03 3.500000000000000000e+00 3.04E+03 2.72057 1.17693 23.3504 18.7685 1.35499
0190 1.600000000000000000e+05 6.473904288329098563e+03 4.000000000000000000e+00 3.04E+03 0.695964 0.25601 10.2377 21.0427 1.40215
0191 1.600000000000000000e+05 6.473904288329098563e+03 4.500000000000000000e+00 3.04E+03 0.232733 0.069333 4.98126 29.0649 1.78699
0192 1.600000000000000000e+05 8.150200155073142014e+03 3.500000000000000000e+00 3.82E+03 2.81576 1.22518 26.3125 21.712 1.57075
0193 1.600000000000000000e+05 8.150200155073142014e+03 4.000000000000000000e+00 3.83E+03 0.734297 0.268675 11.1611 23.4196 1.56662
0194 1.600000000000000000e+05 8.150200155073142014e+03 4.500000000000000000e+00 3.83E+03 0.239675 0.0713873 5.24782 30.9937 1.91108
0195 1.600000000000000000e+05 1.026044683521766638e+04 3.500000000000000000e+00 4.81E+03 2.92717 1.27731 29.5674 25.0475 1.81556
0196 1.600000000000000000e+05 1.026044683521766638e+04 4.000000000000000000e+00 4.82E+03 0.776515 0.282392 12.173 26.0673 1.75023
0197 1.600000000000000000e+05 1.026044683521766638e+04 4.500000000000000000e+00 4.82E+03 0.248369 0.0738633 5.54165 33.072 2.04655
0198 1.800000000000000000e+05 1.026044683521766501e+03 3.500000000000000000e+00 3.46E+02 1.98466 0.824331 8.40231 6.61354 0.479137
0199 1.800000000000000000e+05 1.026044683521766501e+03 4.000000000000000000e+00 3.46E+02 0.489101 0.182622 5.13682 9.81192 0.624668
0200 1.800000000000000000e+05 1.026044683521766501e+03 4.500000000000000000e+00 3.46E+02 0.200216 0.0580381 3.2729 17.5181 1.04661
0201 1.800000000000000000e+05 1.291710751444522657e+03 3.500000000000000000e+00 4.35E+02 2.06956 0.863442 9.63277 7.67942 0.556859
0202 1.800000000000000000e+05 1.291710751444522657e+03 4.000000000000000000e+00 4.35E+02 0.501995 0.187343 5.58588 10.8385 0.693952
0203 1.800000000000000000e+05 1.291710751444522657e+03 4.500000000000000000e+00 4.35E+02 0.20548 0.0596754 3.47813 18.9229 1.13438
0204 1.800000000000000000e+05 1.626174978476519755e+03 3.500000000000000000e+00 5.48E+02 2.15847 0.904556 11.0322 8.92947 0.648179
0205 1.800000000000000000e+05 1.626174978476519755e+03 4.000000000000000000e+00 5.48E+02 0.521917 0.194697 6.0864 12.006 0.772933
0206 1.800000000000000000e+05 1.626174978476519755e+03 4.500000000000000000e+00 5.48E+02 0.209713 0.0610892 3.67837 20.3407 1.22146
0207 1.800000000000000000e+05 2.047228290505137920e+03 3.500000000000000000e+00 6.90E+02 2.25065 0.947267 12.5983 10.3827 0.754557
0208 1.800000000000000000e+05 2.047228290505137920e+03 4.000000000000000000e+00 6.90E+02 0.54328 0.202685 6.63292 13.317 0.861842
0209 1.800000000000000000e+05 2.047228290505137920e+03 4.500000000000000000e+00 6.90E+02 0.213114 0.0623299 3.87872 21.8003 1.31003
0210 1.800000000000000000e+05 2.577319587628865520e+03 3.500000000000000000e+00 8.68E+02 2.34536 0.991464 14.3704 12.0778 0.878991
0211 1.800000000000000000e+05 2.577319587628865520e+03 4.000000000000000000e+00 8.68E+02 0.569371 0.212143 7.24684 14.8196 0.963893
0212 1.800000000000000000e+05 2.577319587628865520e+03 4.500000000000000000e+00 8.68E+02 0.217082 0.0637455 4.08439 23.3419 1.40318
0213 1.800000000000000000e+05 3.244638181035417347e+03 3.500000000000000000e+00 1.09E+03 2.44025 1.03632 16.3513 14.0373 1.02311
0214 1.800000000000000000e+05 3.244638181035417347e+03 4.000000000000000000e+00 1.09E+03 0.598871 0.222511 7.91171 16.4934 1.07789
0215 1.800000000000000000e+05 3.244638181035417347e+03 4.500000000000000000e+00 1.09E+03 0.22041 0.0650036 4.29198 24.9267 1.49903
0216 1.800000000000000000e+05 4.084748052692324109e+03 3.500000000000000000e+00 1.38E+03 2.53774 1.08289 18.5718 16.3084 1.19066
0217 1.800000000000000000e+05 4.084748052692324109e+03 4.000000000000000000e+00 1.38E+03 0.630431 0.233477 8.64763 18.391 1.20725
0218 1.800000000000000000e+05 4.084748052692324109e+03 4.500000000000000000e+00 1.38E+03 0.224545 0.0664775 4.51686 26.6466 1.60379
0219 1.800000000000000000e+05 5.142416805961092905e+03 3.500000000000000000e+00 1.73E+03 2.63948 1.13216 21.0976 18.9618 1.38676
0220 1.800000000000000000e+05 5.142416805961092905e+03 4.000000000000000000e+00 1.73E+03 0.666602 0.245809 9.46869 20.5591 1.35516
0221 1.800000000000000000e+05 5.142416805961092905e+03 4.500000000000000000e+00 1.73E+03 0.229851 0.0682355 4.75441 28.4707 1.71597
0222 1.800000000000000000e+05 6.473904288329098563e+03 3.500000000000000000e+00 2.18E+03 2.73886 1.18146 23.8949 22.0003 1.61187
0223 1.800000000000000000e+05 6.473904288329098563e+03 4.000000000000000000e+00 2.18E+03 0.705366 0.258727 10.3568 22.9662 1.51998
0224 1.800000000000000000e+05 6.473904288329098563e+03 4.500000000000000000e+00 2.18E+03 0.236054 0.070178 5.01424 30.4501 1.83899
0225 1.800000000000000000e+05 8.150200155073142014e+03 3.500000000000000000e+00 2.74E+03 2.84189 1.23239 27.0032 25.4759 1.86995
0226 1.800000000000000000e+05 8.150200155073142014e+03 4.000000000000000000e+00 2.75E+03 0.747314 0.272544 11.3427 25.6982 1.70724
0227 1.800000000000000000e+05 8.150200155073142014e+03 4.500000000000000000e+00 2.75E+03 0.243509 0.0723876 5.289 32.5383 1.96978
0228 1.800000000000000000e+05 1.026044683521766638e+04 3.500000000000000000e+00 3.46E+03 2.95543 1.28578 30.4402 29.4352 2.16478
0229 1.800000000000000000e+05 1.026044683521766638e+04 4.000000000000000000e+00 3.46E+03 0.789134 0.286075 12.3802 28.6652 1.91084
0230 1.800000000000000000e+05 1.026044683521766638e+04 4.500000000000000000e+00 3.46E+03 0.252306 0.074889 5.59087 34.7936 2.11305
