0000 6.000000000000000000e+04 1.026044683521766501e+03 3.500000000000000000e+00 4.90E+03 261.717 66.9443 77.4365 46.7203 1.67592
0001 6.000000000000000000e+04 1.026044683521766501e+03 4.000000000000000000e+00 4.90E+03 19.7977 5.94914 20.8666 30.0563 1.73638
0002 6.000000000000000000e+04 1.026044683521766501e+03 4.500000000000000000e+00 4.90E+03 2.37167 0.745634 9.50906 40.1373 3.10942
0003 6.000000000000000000e+04 1.291710751444522657e+03 3.500000000000000000e+00 6.17E+03 264.83 68.5202 83.2746 49.8096 1.83282
0004 6.000000000000000000e+04 1.291710751444522657e+03 4.000000000000000000e+00 6.17E+03 20.2371 6.12776 23.4275 35.1871 2.08728
0005 6.000000000000000000e+04 1.291710751444522657e+03 4.500000000000000000e+00 6.17E+03 2.51763 0.788303 10.4765 45.5789 3.58169
0006 6.000000000000000000e+04 1.626174978476519755e+03 3.500000000000000000e+00 7.77E+03 268 70.1401 90.225 53.8253 2.03741
0007 6.000000000000000000e+04 1.626174978476519755e+03 4.000000000000000000e+00 7.77E+03 20.7205 6.31911 26.2903 41.1484 2.5016
0008 6.000000000000000000e+04 1.626174978476519755e+03 4.500000000000000000e+00 7.77E+03 2.67275 0.833427 11.5175 51.5676 4.10395
0009 6.000000000000000000e+04 2.047228290505137920e+03 3.500000000000000000e+00 9.78E+03 271.663 71.8966 98.537 58.9933 2.3025
0010 6.000000000000000000e+04 2.047228290505137920e+03 4.000000000000000000e+00 9.78E+03 21.1864 6.50212 29.4125 47.9672 2.98361
0011 6.000000000000000000e+04 2.047228290505137920e+03 4.500000000000000000e+00 9.78E+03 2.83706 0.881022 12.64 58.1832 4.68037
0012 6.000000000000000000e+04 2.577319587628865520e+03 3.500000000000000000e+00 1.23E+04 275.345 73.6803 108.21 65.456 2.63907
0013 6.000000000000000000e+04 2.577319587628865520e+03 4.000000000000000000e+00 1.23E+04 21.7008 6.69772 32.9094 55.8851 3.55125
0014 6.000000000000000000e+04 2.577319587628865520e+03 4.500000000000000000e+00 1.23E+04 3.01044 0.931002 13.8517 65.508 5.31543
0015 6.000000000000000000e+04 3.244638181035417347e+03 3.500000000000000000e+00 1.55E+04 279.154 75.5059 119.39 73.4306 3.06143
0016 6.000000000000000000e+04 3.244638181035417347e+03 4.000000000000000000e+00 1.55E+04 22.2699 6.90955 36.827 65.058 4.21776
0017 6.000000000000000000e+04 3.244638181035417347e+03 4.500000000000000000e+00 1.55E+04 3.18538 0.981142 15.1292 73.4737 6.00121
0018 6.000000000000000000e+04 4.084748052692324109e+03 3.500000000000000000e+00 1.95E+04 283.19 77.4132 132.298 83.2276 3.58839
0019 6.000000000000000000e+04 4.084748052692324109e+03 4.000000000000000000e+00 1.95E+04 22.8425 7.11921 41.1274 75.5511 4.9911
0020 6.000000000000000000e+04 4.084748052692324109e+03 4.500000000000000000e+00 1.95E+04 3.36139 1.03124 16.4743 82.0934 6.73824
0021 6.000000000000000000e+04 5.142416805961092905e+03 3.500000000000000000e+00 2.46E+04 287.473 79.3895 147.13 95.1962 4.2442
0022 6.000000000000000000e+04 5.142416805961092905e+03 4.000000000000000000e+00 2.46E+04 23.5077 7.35733 46.0152 87.8313 5.90575
0023 6.000000000000000000e+04 5.142416805961092905e+03 4.500000000000000000e+00 2.46E+04 3.55355 1.08594 17.9705 91.8174 7.56247
0024 6.000000000000000000e+04 6.473904288329098563e+03 3.500000000000000000e+00 3.09E+04 292.841 81.6861 164.518 109.909 5.06185
0025 6.000000000000000000e+04 6.473904288329098563e+03 4.000000000000000000e+00 3.09E+04 24.1959 7.60182 51.3816 101.827 6.96186
0026 6.000000000000000000e+04 6.473904288329098563e+03 4.500000000000000000e+00 3.09E+04 3.7461 1.14014 19.5349 102.303 8.44552
0027 6.000000000000000000e+04 8.150200155073142014e+03 3.500000000000000000e+00 3.89E+04 298.017 83.9354 183.99 127.405 6.05324
0028 6.000000000000000000e+04 8.150200155073142014e+03 4.000000000000000000e+00 3.89E+04 24.9676 7.87152 57.4069 118.016 8.19681
0029 6.000000000000000000e+04 8.150200155073142014e+03 4.500000000000000000e+00 3.89E+04 3.95563 1.19936 21.2876 114.163 9.43756
0030 6.000000000000000000e+04 1.026044683521766638e+04 3.500000000000000000e+00 4.90E+04 303.735 86.3415 206.169 148.298 7.25787
0031 6.000000000000000000e+04 1.026044683521766638e+04 4.000000000000000000e+00 4.90E+04 25.8515 8.17531 64.2012 136.801 9.64438
0032 6.000000000000000000e+04 1.026044683521766638e+04 4.500000000000000000e+00 4.90E+04 4.16056 1.25685 23.1187 126.907 10.4957
0033 8.000000000000000000e+04 1.026044683521766501e+03 3.500000000000000000e+00 2.57E+03 262.725 67.4571 75.4647 45.0786 1.55043
0034 8.000000000000000000e+04 1.026044683521766501e+03 4.000000000000000000e+00 2.58E+03 20.0165 6.03942 18.9357 27.2034 1.50423
0035 8.000000000000000000e+04 1.026044683521766501e+03 4.500000000000000000e+00 2.58E+03 2.44865 0.769542 8.7956 36.8802 2.91433
0036 8.000000000000000000e+04 1.291710751444522657e+03 3.500000000000000000e+00 3.24E+03 266.104 69.1018 80.3832 47.6748 1.67105
0037 8.000000000000000000e+04 1.291710751444522657e+03 4.000000000000000000e+00 3.24E+03 20.4557 6.21657 21.2919 31.8699 1.81339
0038 8.000000000000000000e+04 1.291710751444522657e+03 4.500000000000000000e+00 3.24E+03 2.60048 0.813578 9.71333 41.9555 3.36659
0039 8.000000000000000000e+04 1.626174978476519755e+03 3.500000000000000000e+00 4.08E+03 269.68 70.815 86.3896 51.0949 1.83138
0040 8.000000000000000000e+04 1.626174978476519755e+03 4.000000000000000000e+00 4.08E+03 20.8865 6.38911 23.8831 37.2113 2.17468
0041 8.000000000000000000e+04 1.626174978476519755e+03 4.500000000000000000e+00 4.08E+03 2.76116 0.85997 10.6993 47.522 3.86505
0042 8.000000000000000000e+04 2.047228290505137920e+03 3.500000000000000000e+00 5.14E+03 272.61 72.3771 93.259 55.2864 2.03163
0043 8.000000000000000000e+04 2.047228290505137920e+03 4.000000000000000000e+00 5.14E+03 21.3909 6.5813 26.8378 43.5039 2.607
0044 8.000000000000000000e+04 2.047228290505137920e+03 4.500000000000000000e+00 5.14E+03 2.93093 0.90876 11.7591 53.6073 4.41229
0045 8.000000000000000000e+04 2.577319587628865520e+03 3.500000000000000000e+00 6.47E+03 276.745 74.2706 101.854 60.9092 2.30282
0046 8.000000000000000000e+04 2.577319587628865520e+03 4.000000000000000000e+00 6.47E+03 21.8915 6.77002 30.0942 50.7055 3.11092
0047 8.000000000000000000e+04 2.577319587628865520e+03 4.500000000000000000e+00 6.47E+03 3.10177 0.957533 12.8724 60.1424 5.00004
0048 8.000000000000000000e+04 3.244638181035417347e+03 3.500000000000000000e+00 8.14E+03 280.36 76.0379 111.657 67.7562 2.64189
0049 8.000000000000000000e+04 3.244638181035417347e+03 4.000000000000000000e+00 8.14E+03 22.4049 6.96024 33.68 58.8859 3.69347
0050 8.000000000000000000e+04 3.244638181035417347e+03 4.500000000000000000e+00 8.14E+03 3.28765 1.01054 14.1044 67.4709 5.65492
0051 8.000000000000000000e+04 4.084748052692324109e+03 3.500000000000000000e+00 1.03E+04 284.253 77.889 123.13 76.2595 3.07141
0052 8.000000000000000000e+04 4.084748052692324109e+03 4.000000000000000000e+00 1.03E+04 22.9941 7.1736 37.7669 68.5124 4.38812
0053 8.000000000000000000e+04 4.084748052692324109e+03 4.500000000000000000e+00 1.03E+04 3.47302 1.06299 15.403 75.3809 6.35646
0054 8.000000000000000000e+04 5.142416805961092905e+03 3.500000000000000000e+00 1.29E+04 289.117 80.019 136.726 86.8627 3.61608
0055 8.000000000000000000e+04 5.142416805961092905e+03 4.000000000000000000e+00 1.29E+04 23.5803 7.38484 42.2437 79.4299 5.18921
0056 8.000000000000000000e+04 5.142416805961092905e+03 4.500000000000000000e+00 1.29E+04 3.65971 1.11539 16.7741 83.9411 7.10931
0057 8.000000000000000000e+04 6.473904288329098563e+03 3.500000000000000000e+00 1.62E+04 294.395 82.2647 152.443 99.7908 4.295
0058 8.000000000000000000e+04 6.473904288329098563e+03 4.000000000000000000e+00 1.62E+04 24.2871 7.6331 47.3665 92.2232 6.13939
0059 8.000000000000000000e+04 6.473904288329098563e+03 4.500000000000000000e+00 1.62E+04 3.85267 1.16946 18.2632 93.3849 7.93109
0060 8.000000000000000000e+04 8.150200155073142014e+03 3.500000000000000000e+00 2.05E+04 299.405 84.4501 170.146 115.207 5.12369
0061 8.000000000000000000e+04 8.150200155073142014e+03 4.000000000000000000e+00 2.05E+04 25.0356 7.89347 53.0472 106.868 7.24304
0062 8.000000000000000000e+04 8.150200155073142014e+03 4.500000000000000000e+00 2.05E+04 4.05001 1.22473 19.8776 103.784 8.82661
0063 8.000000000000000000e+04 1.026044683521766638e+04 3.500000000000000000e+00 2.57E+04 305.598 86.956 190.884 134.076 6.15691
0064 8.000000000000000000e+04 1.026044683521766638e+04 4.000000000000000000e+00 2.58E+04 25.8285 8.16646 59.2857 123.467 8.51241
0065 8.000000000000000000e+04 1.026044683521766638e+04 4.500000000000000000e+00 2.58E+04 4.25583 1.2825 21.655 115.39 9.81662
0066 1.000000000000000000e+05 1.026044683521766501e+03 3.500000000000000000e+00 1.56E+03 263.22 67.9634 74.9453 44.3872 1.48735
0067 1.000000000000000000e+05 1.026044683521766501e+03 4.000000000000000000e+00 1.56E+03 20.1765 6.11331 17.6966 25.7967 1.38534
0068 1.000000000000000000e+05 1.026044683521766501e+03 4.500000000000000000e+00 1.56E+03 2.51209 0.789117 8.2896 35.1599 2.81373
0069 1.000000000000000000e+05 1.291710751444522657e+03 3.500000000000000000e+00 1.96E+03 266.63 69.6275 79.208 46.7738 1.59
0070 1.000000000000000000e+05 1.291710751444522657e+03 4.000000000000000000e+00 1.96E+03 20.6496 6.29982 19.9379 30.2381 1.67399
0071 1.000000000000000000e+05 1.291710751444522657e+03 4.500000000000000000e+00 1.96E+03 2.67823 0.83718 9.20139 40.1209 3.26713
0072 1.000000000000000000e+05 1.626174978476519755e+03 3.500000000000000000e+00 2.47E+03 269.743 71.2441 84.3089 49.7731 1.72033
0073 1.000000000000000000e+05 1.626174978476519755e+03 4.000000000000000000e+00 2.47E+03 21.1483 6.49192 22.461 35.4317 2.01864
0074 1.000000000000000000e+05 1.626174978476519755e+03 4.500000000000000000e+00 2.47E+03 2.8489 0.886177 10.1619 45.4736 3.7597
0075 1.000000000000000000e+05 2.047228290505137920e+03 3.500000000000000000e+00 3.11E+03 273.838 73.1211 90.8551 53.9186 1.90304
0076 1.000000000000000000e+05 2.047228290505137920e+03 4.000000000000000000e+00 3.11E+03 21.6337 6.67679 25.2407 41.3661 2.42096
0077 1.000000000000000000e+05 2.047228290505137920e+03 4.500000000000000000e+00 3.11E+03 3.02826 0.937447 11.1929 51.3048 4.29931
0078 1.000000000000000000e+05 2.577319587628865520e+03 3.500000000000000000e+00 3.92E+03 277.598 74.9264 98.4826 59.0471 2.13562
0079 1.000000000000000000e+05 2.577319587628865520e+03 4.000000000000000000e+00 3.92E+03 22.2013 6.88536 28.4204 48.3153 2.90006
0080 1.000000000000000000e+05 2.577319587628865520e+03 4.500000000000000000e+00 3.92E+03 3.20915 0.988764 12.2735 57.5322 4.87725
0081 1.000000000000000000e+05 3.244638181035417347e+03 3.500000000000000000e+00 4.93E+03 281.425 76.7661 107.47 65.4141 2.43102
0082 1.000000000000000000e+05 3.244638181035417347e+03 4.000000000000000000e+00 4.94E+03 22.7679 7.09185 31.9178 56.1928 3.45388
0083 1.000000000000000000e+05 3.244638181035417347e+03 4.500000000000000000e+00 4.94E+03 3.40837 1.04499 13.4674 64.5086 5.52078
0084 1.000000000000000000e+05 4.084748052692324109e+03 3.500000000000000000e+00 6.21E+03 286.182 78.8635 118.391 73.5978 2.8201
0085 1.000000000000000000e+05 4.084748052692324109e+03 4.000000000000000000e+00 6.21E+03 23.3949 7.31531 35.8809 65.438 4.11358
0086 1.000000000000000000e+05 4.084748052692324109e+03 4.500000000000000000e+00 6.21E+03 3.60699 1.1008 14.7337 72.0108 6.20841
0087 1.000000000000000000e+05 5.142416805961092905e+03 3.500000000000000000e+00 7.82E+03 291.283 81.0647 131.156 83.6714 3.31133
0088 1.000000000000000000e+05 5.142416805961092905e+03 4.000000000000000000e+00 7.82E+03 24.0391 7.54276 40.2773 75.9626 4.8786
0089 1.000000000000000000e+05 5.142416805961092905e+03 4.500000000000000000e+00 7.82E+03 3.80058 1.15525 16.0728 80.0238 6.9359
0090 1.000000000000000000e+05 6.473904288329098563e+03 3.500000000000000000e+00 9.85E+03 296.109 83.1884 145.604 95.6884 3.91424
0091 1.000000000000000000e+05 6.473904288329098563e+03 4.000000000000000000e+00 9.85E+03 24.7875 7.80208 45.2514 88.176 5.77908
0092 1.000000000000000000e+05 6.473904288329098563e+03 4.500000000000000000e+00 9.85E+03 4.01173 1.21457 17.5685 89.0564 7.74805
0093 1.000000000000000000e+05 8.150200155073142014e+03 3.500000000000000000e+00 1.24E+04 302.064 85.6444 162.759 110.628 4.67882
0094 1.000000000000000000e+05 8.150200155073142014e+03 4.000000000000000000e+00 1.24E+04 25.5886 8.07675 50.7656 102.102 6.82251
0095 1.000000000000000000e+05 8.150200155073142014e+03 4.500000000000000000e+00 1.24E+04 4.22357 1.27333 19.15 98.8169 8.61671
0096 1.000000000000000000e+05 1.026044683521766638e+04 3.500000000000000000e+00 1.56E+04 307.862 88.0549 182.117 128.367 5.61103
0097 1.000000000000000000e+05 1.026044683521766638e+04 4.000000000000000000e+00 1.56E+04 26.4327 8.36331 56.8294 117.861 8.02244
0098 1.000000000000000000e+05 1.026044683521766638e+04 4.500000000000000000e+00 1.56E+04 4.44114 1.33418 20.8966 109.663 9.57129
0099 1.200000000000000000e+05 1.026044683521766501e+03 3.500000000000000000e+00 1.07E+03 262.669 68.0959 74.5643 44.0505 1.45889
0100 1.200000000000000000e+05 1.026044683521766501e+03 4.000000000000000000e+00 1.07E+03 20.3136 6.1666 17.2513 25.5206 1.35193
0101 1.200000000000000000e+05 1.026044683521766501e+03 4.500000000000000000e+00 1.07E+03 2.55576 0.802483 8.07325 34.9278 2.78678
0102 1.200000000000000000e+05 1.291710751444522657e+03 3.500000000000000000e+00 1.35E+03 266.296 69.8512 78.6001 46.386 1.55295
0103 1.200000000000000000e+05 1.291710751444522657e+03 4.000000000000000000e+00 1.35E+03 20.7992 6.35825 19.4683 29.903 1.63512
0104 1.200000000000000000e+05 1.291710751444522657e+03 4.500000000000000000e+00 1.35E+03 2.72882 0.852383 8.9906 39.8724 3.24429
0105 1.200000000000000000e+05 1.626174978476519755e+03 3.500000000000000000e+00 1.70E+03 270.111 71.6714 83.6842 49.5324 1.68246
0106 1.200000000000000000e+05 1.626174978476519755e+03 4.000000000000000000e+00 1.70E+03 21.3339 6.56181 21.9735 35.0382 1.97453
0107 1.200000000000000000e+05 1.626174978476519755e+03 4.500000000000000000e+00 1.70E+03 2.90741 0.903533 9.95977 45.1922 3.742
0108 1.200000000000000000e+05 2.047228290505137920e+03 3.500000000000000000e+00 2.14E+03 273.944 73.512 89.7875 53.5254 1.85027
0109 1.200000000000000000e+05 2.047228290505137920e+03 4.000000000000000000e+00 2.14E+03 21.9097 6.77496 24.7936 41.0111 2.37785
0110 1.200000000000000000e+05 2.047228290505137920e+03 4.500000000000000000e+00 2.14E+03 3.09668 0.957446 10.998 50.9725 4.28714
0111 1.200000000000000000e+05 2.577319587628865520e+03 3.500000000000000000e+00 2.69E+03 277.83 75.3786 97.1375 58.6084 2.07026
0112 1.200000000000000000e+05 2.577319587628865520e+03 4.000000000000000000e+00 2.70E+03 22.4837 6.98691 27.9088 47.8476 2.84952
0113 1.200000000000000000e+05 2.577319587628865520e+03 4.500000000000000000e+00 2.70E+03 3.29823 1.01439 12.1127 57.2565 4.88395
0114 1.200000000000000000e+05 3.244638181035417347e+03 3.500000000000000000e+00 3.39E+03 282.485 77.4727 106.155 65.1958 2.36309
0115 1.200000000000000000e+05 3.244638181035417347e+03 4.000000000000000000e+00 3.39E+03 23.1154 7.21289 31.413 55.7697 3.40571
0116 1.200000000000000000e+05 3.244638181035417347e+03 4.500000000000000000e+00 3.39E+03 3.50074 1.07137 13.2806 63.9028 5.51844
0117 1.200000000000000000e+05 4.084748052692324109e+03 3.500000000000000000e+00 4.27E+03 287.369 79.6266 116.771 73.3792 2.73898
0118 1.200000000000000000e+05 4.084748052692324109e+03 4.000000000000000000e+00 4.27E+03 23.8077 7.45727 35.3486 64.9174 4.05886
0119 1.200000000000000000e+05 4.084748052692324109e+03 4.500000000000000000e+00 4.27E+03 3.71718 1.13258 14.5718 71.2644 6.21663
0120 1.200000000000000000e+05 5.142416805961092905e+03 3.500000000000000000e+00 5.38E+03 292.753 81.9406 129.327 83.5682 3.21935
0121 1.200000000000000000e+05 5.142416805961092905e+03 4.000000000000000000e+00 5.38E+03 24.5535 7.71596 39.7492 75.415 4.82175
0122 1.200000000000000000e+05 5.142416805961092905e+03 4.500000000000000000e+00 5.38E+03 3.92818 1.19142 15.9074 79.0824 6.95127
0123 1.200000000000000000e+05 6.473904288329098563e+03 3.500000000000000000e+00 6.77E+03 297.853 84.1777 143.585 95.698 3.81009
0124 1.200000000000000000e+05 6.473904288329098563e+03 4.000000000000000000e+00 6.77E+03 25.3976 8.00549 44.7296 87.627 5.72257
0125 1.200000000000000000e+05 6.473904288329098563e+03 4.500000000000000000e+00 6.77E+03 4.15817 1.25562 17.4011 87.918 7.76952
0126 1.200000000000000000e+05 8.150200155073142014e+03 3.500000000000000000e+00 8.52E+03 304.133 86.7317 160.49 110.758 4.5621
0127 1.200000000000000000e+05 8.150200155073142014e+03 4.000000000000000000e+00 8.52E+03 26.2834 8.30527 50.2241 101.489 6.76327
0128 1.200000000000000000e+05 8.150200155073142014e+03 4.500000000000000000e+00 8.52E+03 4.38699 1.3194 18.9927 97.4805 8.64324
0129 1.200000000000000000e+05 1.026044683521766638e+04 3.500000000000000000e+00 1.07E+04 310.978 89.4592 180.03 128.943 5.49345
0130 1.200000000000000000e+05 1.026044683521766638e+04 4.000000000000000000e+00 1.07E+04 27.281 8.63917 56.3937 117.455 7.97959
0131 1.200000000000000000e+05 1.026044683521766638e+04 4.500000000000000000e+00 1.07E+04 4.62956 1.38687 20.7385 108.146 9.60652
0132 1.400000000000000000e+05 1.026044683521766501e+03 3.500000000000000000e+00 7.15E+02 260.732 67.758 73.2689 44.2057 1.48722
0133 1.400000000000000000e+05 1.026044683521766501e+03 4.000000000000000000e+00 7.15E+02 20.3147 6.17043 16.7234 25.8947 1.35439
0134 1.400000000000000000e+05 1.026044683521766501e+03 4.500000000000000000e+00 7.15E+02 2.59444 0.81428 7.85525 35.6805 2.78363
0135 1.400000000000000000e+05 1.291710751444522657e+03 3.500000000000000000e+00 9.00E+02 264.499 69.5755 77.0771 46.5253 1.57701
0136 1.400000000000000000e+05 1.291710751444522657e+03 4.000000000000000000e+00 9.00E+02 20.8369 6.37425 18.9412 30.2441 1.63097
0137 1.400000000000000000e+05 1.291710751444522657e+03 4.500000000000000000e+00 9.00E+02 2.77017 0.864772 8.7743 40.6209 3.23828
0138 1.400000000000000000e+05 1.626174978476519755e+03 3.500000000000000000e+00 1.13E+03 269.099 71.6343 82.0946 49.7226 1.70147
0139 1.400000000000000000e+05 1.626174978476519755e+03 4.000000000000000000e+00 1.13E+03 21.3987 6.58866 21.4448 35.3214 1.9623
0140 1.400000000000000000e+05 1.626174978476519755e+03 4.500000000000000000e+00 1.13E+03 2.96172 0.919612 9.77849 46.0762 3.74637
0141 1.400000000000000000e+05 2.047228290505137920e+03 3.500000000000000000e+00 1.43E+03 273.142 73.5652 88.0292 53.7518 1.86371
0142 1.400000000000000000e+05 2.047228290505137920e+03 4.000000000000000000e+00 1.43E+03 22.0248 6.81931 24.2734 41.2399 2.35803
0143 1.400000000000000000e+05 2.047228290505137920e+03 4.500000000000000000e+00 1.43E+03 3.16456 0.976734 10.8433 51.989 4.30362
0144 1.400000000000000000e+05 2.577319587628865520e+03 3.500000000000000000e+00 1.80E+03 277.247 75.5224 95.1893 58.8381 2.07401
0145 1.400000000000000000e+05 2.577319587628865520e+03 4.000000000000000000e+00 1.80E+03 22.7051 7.06487 27.4528 48.086 2.82696
0146 1.400000000000000000e+05 2.577319587628865520e+03 4.500000000000000000e+00 1.80E+03 3.3691 1.03472 11.9719 58.2391 4.89801
0147 1.400000000000000000e+05 3.244638181035417347e+03 3.500000000000000000e+00 2.26E+03 282.067 77.6838 103.999 65.4464 2.35663
0148 1.400000000000000000e+05 3.244638181035417347e+03 4.000000000000000000e+00 2.26E+03 23.4422 7.32647 31.0105 55.9805 3.38047
0149 1.400000000000000000e+05 3.244638181035417347e+03 4.500000000000000000e+00 2.26E+03 3.59404 1.09835 13.2106 65.1247 5.55666
0150 1.400000000000000000e+05 4.084748052692324109e+03 3.500000000000000000e+00 2.85E+03 287.866 80.1299 114.741 73.8583 2.72667
0151 1.400000000000000000e+05 4.084748052692324109e+03 4.000000000000000000e+00 2.85E+03 24.2048 7.59276 34.9216 64.9548 4.02429
0152 1.400000000000000000e+05 4.084748052692324109e+03 4.500000000000000000e+00 2.85E+03 3.82696 1.16347 14.5094 72.4334 6.26182
0153 1.400000000000000000e+05 5.142416805961092905e+03 3.500000000000000000e+00 3.58E+03 293.359 82.4986 127.039 84.0012 3.18908
0154 1.400000000000000000e+05 5.142416805961092905e+03 4.000000000000000000e+00 3.58E+03 25.0841 7.89586 39.3835 75.4817 4.79323
0155 1.400000000000000000e+05 5.142416805961092905e+03 4.500000000000000000e+00 3.58E+03 4.06645 1.23072 15.8985 80.2471 7.01873
0156 1.400000000000000000e+05 6.473904288329098563e+03 3.500000000000000000e+00 4.51E+03 299.45 85.0317 141.488 96.4937 3.7777
0157 1.400000000000000000e+05 6.473904288329098563e+03 4.000000000000000000e+00 4.51E+03 25.9965 8.20689 44.2975 87.5053 5.68836
0158 1.400000000000000000e+05 6.473904288329098563e+03 4.500000000000000000e+00 4.51E+03 4.3096 1.29839 17.3521 88.5403 7.82194
0159 1.400000000000000000e+05 8.150200155073142014e+03 3.500000000000000000e+00 5.68E+03 305.93 87.6838 158.287 111.747 4.51955
0160 1.400000000000000000e+05 8.150200155073142014e+03 4.000000000000000000e+00 5.68E+03 26.9968 8.54234 49.806 101.398 6.73997
0161 1.400000000000000000e+05 8.150200155073142014e+03 4.500000000000000000e+00 5.68E+03 4.56997 1.3717 18.9726 97.7849 8.71231
0162 1.400000000000000000e+05 1.026044683521766638e+04 3.500000000000000000e+00 7.15E+03 313.726 90.7083 178.088 130.453 5.45338
0163 1.400000000000000000e+05 1.026044683521766638e+04 4.000000000000000000e+00 7.15E+03 28.1465 8.92206 56.0543 117.638 7.98689
0164 1.400000000000000000e+05 1.026044683521766638e+04 4.500000000000000000e+00 7.15E+03 4.83724 1.44593 20.677 107.805 9.6706
0165 1.600000000000000000e+05 1.026044683521766501e+03 3.500000000000000000e+00 4.82E+02 259.238 67.4287 73.0249 46.1049 1.65167
0166 1.600000000000000000e+05 1.026044683521766501e+03 4.000000000000000000e+00 4.82E+02 20.3053 6.17199 16.4223 27.8692 1.45636
0167 1.600000000000000000e+05 1.026044683521766501e+03 4.500000000000000000e+00 4.82E+02 2.60964 0.819394 7.68328 37.7902 2.82143
0168 1.600000000000000000e+05 1.291710751444522657e+03 3.500000000000000000e+00 6.06E+02 262.895 69.2187 76.5418 48.7618 1.7716
0169 1.600000000000000000e+05 1.291710751444522657e+03 4.000000000000000000e+00 6.06E+02 20.8512 6.38194 18.6408 32.5532 1.74773
0170 1.600000000000000000e+05 1.291710751444522657e+03 4.500000000000000000e+00 6.06E+02 2.79312 0.871994 8.62413 43.1941 3.29452
0171 1.600000000000000000e+05 1.626174978476519755e+03 3.500000000000000000e+00 7.63E+02 267.317 71.2417 81.2639 52.3807 1.9322
0172 1.600000000000000000e+05 1.626174978476519755e+03 4.000000000000000000e+00 7.63E+02 21.4281 6.60065 21.151 38.0079 2.09551
0173 1.600000000000000000e+05 1.626174978476519755e+03 4.500000000000000000e+00 7.63E+02 2.99047 0.928 9.64225 49.1577 3.8216
0174 1.600000000000000000e+05 2.047228290505137920e+03 3.500000000000000000e+00 9.61E+02 271.358 73.1594 86.9632 56.9502 2.13939
0175 1.600000000000000000e+05 2.047228290505137920e+03 4.000000000000000000e+00 9.61E+02 22.0471 6.82962 23.9787 44.3163 2.5076
0176 1.600000000000000000e+05 2.047228290505137920e+03 4.500000000000000000e+00 9.61E+02 3.19459 0.985681 10.7286 55.5561 4.39491
0177 1.600000000000000000e+05 2.577319587628865520e+03 3.500000000000000000e+00 1.21E+03 276.104 75.2972 94.1268 62.8391 2.40749
0178 1.600000000000000000e+05 2.577319587628865520e+03 4.000000000000000000e+00 1.21E+03 22.7354 7.07821 27.1774 51.6714 2.99872
0179 1.600000000000000000e+05 2.577319587628865520e+03 4.500000000000000000e+00 1.21E+03 3.40971 1.04679 11.9087 62.4887 5.02097
0180 1.600000000000000000e+05 3.244638181035417347e+03 3.500000000000000000e+00 1.52E+03 280.957 77.4793 102.735 70.1939 2.74885
0181 1.600000000000000000e+05 3.244638181035417347e+03 4.000000000000000000e+00 1.52E+03 23.5051 7.34988 30.7796 60.1936 3.57959
0182 1.600000000000000000e+05 3.244638181035417347e+03 4.500000000000000000e+00 1.52E+03 3.64595 1.11292 13.1926 70.1209 5.7156
0183 1.600000000000000000e+05 4.084748052692324109e+03 3.500000000000000000e+00 1.92E+03 286.913 79.9774 113.335 79.5381 3.1895
0184 1.600000000000000000e+05 4.084748052692324109e+03 4.000000000000000000e+00 1.92E+03 24.3228 7.63615 34.825 70.042 4.26624
0185 1.600000000000000000e+05 4.084748052692324109e+03 4.500000000000000000e+00 1.92E+03 3.88362 1.1798 14.5534 78.1874 6.45335
0186 1.600000000000000000e+05 5.142416805961092905e+03 3.500000000000000000e+00 2.41E+03 292.377 82.3491 125.553 90.7791 3.73434
0187 1.600000000000000000e+05 5.142416805961092905e+03 4.000000000000000000e+00 2.41E+03 25.2289 7.94702 39.3799 81.4484 5.07746
0188 1.600000000000000000e+05 5.142416805961092905e+03 4.500000000000000000e+00 2.41E+03 4.13403 1.25017 16.0176 86.8833 7.25249
0189 1.600000000000000000e+05 6.473904288329098563e+03 3.500000000000000000e+00 3.04E+03 299.292 85.1259 140.369 104.881 4.43139
0190 1.600000000000000000e+05 6.473904288329098563e+03 4.000000000000000000e+00 3.04E+03 26.212 8.28003 44.4632 94.5592 6.02827
0191 1.600000000000000000e+05 6.473904288329098563e+03 4.500000000000000000e+00 3.04E+03 4.40035 1.32449 17.5823 96.2838 8.12041
0192 1.600000000000000000e+05 8.150200155073142014e+03 3.500000000000000000e+00 3.82E+03 306.131 87.8976 157.389 121.717 5.28385
0193 1.600000000000000000e+05 8.150200155073142014e+03 4.000000000000000000e+00 3.83E+03 27.3395 8.65541 50.2719 109.912 7.16263
0194 1.600000000000000000e+05 8.150200155073142014e+03 4.500000000000000000e+00 3.83E+03 4.67858 1.4023 19.2701 106.462 9.06138
0195 1.600000000000000000e+05 1.026044683521766638e+04 3.500000000000000000e+00 4.81E+03 313.571 90.8279 177.181 142.026 6.33577
0196 1.600000000000000000e+05 1.026044683521766638e+04 4.000000000000000000e+00 4.82E+03 28.5478 9.05214 56.7281 127.486 8.48693
0197 1.600000000000000000e+05 1.026044683521766638e+04 4.500000000000000000e+00 4.82E+03 4.97163 1.4841 21.1002 117.572 10.0913
0198 1.800000000000000000e+05 1.026044683521766501e+03 3.500000000000000000e+00 3.46E+02 258.237 67.2544 72.995 47.0633 1.73406
0199 1.800000000000000000e+05 1.026044683521766501e+03 4.000000000000000000e+00 3.46E+02 20.3045 6.17877 16.1722 28.627 1.4944
0200 1.800000000000000000e+05 1.026044683521766501e+03 4.500000000000000000e+00 3.46E+02 2.6263 0.824657 7.52706 38.5357 2.83366
0201 1.800000000000000000e+05 1.291710751444522657e+03 3.500000000000000000e+00 4.35E+02 261.959 69.0588 76.3032 49.8431 1.86506
0202 1.800000000000000000e+05 1.291710751444522657e+03 4.000000000000000000e+00 4.35E+02 20.8496 6.38771 18.3658 33.3322 1.78539
0203 1.800000000000000000e+05 1.291710751444522657e+03 4.500000000000000000e+00 4.35E+02 2.81718 0.879153 8.48146 44.0221 3.31447
0204 1.800000000000000000e+05 1.626174978476519755e+03 3.500000000000000000e+00 5.48E+02 266.405 71.0716 80.8563 53.6746 2.04324
0205 1.800000000000000000e+05 1.626174978476519755e+03 4.000000000000000000e+00 5.48E+02 21.4717 6.61982 20.8897 38.8909 2.13695
0206 1.800000000000000000e+05 1.626174978476519755e+03 4.500000000000000000e+00 5.48E+02 3.02288 0.937477 9.51403 50.0871 3.85109
0207 1.800000000000000000e+05 2.047228290505137920e+03 3.500000000000000000e+00 6.90E+02 271.124 73.1875 86.5152 58.4604 2.26451
0208 1.800000000000000000e+05 2.047228290505137920e+03 4.000000000000000000e+00 6.90E+02 22.1178 6.85609 23.7168 45.3023 2.55259
0209 1.800000000000000000e+05 2.047228290505137920e+03 4.500000000000000000e+00 6.90E+02 3.23224 0.996787 10.621 56.6144 4.43343
0210 1.800000000000000000e+05 2.577319587628865520e+03 3.500000000000000000e+00 8.68E+02 275.344 75.1752 93.294 64.4324 2.5458
0211 1.800000000000000000e+05 2.577319587628865520e+03 4.000000000000000000e+00 8.68E+02 22.8164 7.1076 26.886 52.7228 3.04429
0212 1.800000000000000000e+05 2.577319587628865520e+03 4.500000000000000000e+00 8.68E+02 3.45633 1.05988 11.8166 63.7521 5.07474
0213 1.800000000000000000e+05 3.244638181035417347e+03 3.500000000000000000e+00 1.09E+03 280.837 77.5259 101.96 72.2079 2.91474
0214 1.800000000000000000e+05 3.244638181035417347e+03 4.000000000000000000e+00 1.09E+03 23.6163 7.38849 30.5222 61.4588 3.63498
0215 1.800000000000000000e+05 3.244638181035417347e+03 4.500000000000000000e+00 1.09E+03 3.69116 1.12561 13.0985 71.4334 5.77032
0216 1.800000000000000000e+05 4.084748052692324109e+03 3.500000000000000000e+00 1.38E+03 285.984 79.7989 112.085 81.6308 3.37126
0217 1.800000000000000000e+05 4.084748052692324109e+03 4.000000000000000000e+00 1.38E+03 24.433 7.67371 34.5412 71.4433 4.32604
0218 1.800000000000000000e+05 4.084748052692324109e+03 4.500000000000000000e+00 1.38E+03 3.94313 1.19627 14.4996 79.8431 6.53265
0219 1.800000000000000000e+05 5.142416805961092905e+03 3.500000000000000000e+00 1.73E+03 292.347 82.4208 124.441 93.4346 3.95228
0220 1.800000000000000000e+05 5.142416805961092905e+03 4.000000000000000000e+00 1.73E+03 25.3519 7.98859 39.0922 83.1179 5.1495
0221 1.800000000000000000e+05 5.142416805961092905e+03 4.500000000000000000e+00 1.73E+03 4.20165 1.26839 15.978 88.8058 7.3468
0222 1.800000000000000000e+05 6.473904288329098563e+03 3.500000000000000000e+00 2.18E+03 298.622 85.0233 138.826 107.703 4.67167
0223 1.800000000000000000e+05 6.473904288329098563e+03 4.000000000000000000e+00 2.18E+03 26.3962 8.34055 44.2604 96.7275 6.12704
0224 1.800000000000000000e+05 6.473904288329098563e+03 4.500000000000000000e+00 2.18E+03 4.47544 1.34564 17.5997 98.6303 8.23816
0225 1.800000000000000000e+05 8.150200155073142014e+03 3.500000000000000000e+00 2.75E+03 305.551 87.81 155.84 125.176 5.57227
0226 1.800000000000000000e+05 8.150200155073142014e+03 4.000000000000000000e+00 2.75E+03 27.5041 8.70744 50.012 112.472 7.2806
0227 1.800000000000000000e+05 8.150200155073142014e+03 4.500000000000000000e+00 2.75E+03 4.75429 1.42375 19.3049 109.099 9.19137
0228 1.800000000000000000e+05 1.026044683521766638e+04 3.500000000000000000e+00 3.46E+03 313.714 90.9616 175.927 146.41 6.68794
0229 1.800000000000000000e+05 1.026044683521766638e+04 4.000000000000000000e+00 3.46E+03 28.8049 9.13294 56.6611 130.998 8.66121
0230 1.800000000000000000e+05 1.026044683521766638e+04 4.500000000000000000e+00 3.46E+03 5.05434 1.50685 21.1381 120.597 10.2383
