0000 6.000000000000000000e+04 1.026044683521766501e+03 3.500000000000000000e+00 4.90E+03 285.04 74.968 94.5894 578.632 26.703
0001 6.000000000000000000e+04 1.026044683521766501e+03 4.000000000000000000e+00 4.90E+03 23.3917 6.97618 21.0725 52.6723 2.93081
0002 6.000000000000000000e+04 1.026044683521766501e+03 4.500000000000000000e+00 4.90E+03 3.48271 1.06373 9.2759 38.8862 3.46509
0003 6.000000000000000000e+04 1.291710751444522657e+03 3.500000000000000000e+00 6.17E+03 293.029 77.8985 100.779 578.148 26.452
0004 6.000000000000000000e+04 1.291710751444522657e+03 4.000000000000000000e+00 6.17E+03 24.4332 7.34791 24.1994 58.7337 3.35251
0005 6.000000000000000000e+04 1.291710751444522657e+03 4.500000000000000000e+00 6.17E+03 3.75543 1.14291 10.551 45.6276 4.17126
0006 6.000000000000000000e+04 1.626174978476519755e+03 3.500000000000000000e+00 7.77E+03 301.014 80.8859 108.311 577.155 26.1608
0007 6.000000000000000000e+04 1.626174978476519755e+03 4.000000000000000000e+00 7.77E+03 25.5213 7.73202 27.7108 65.9868 3.8838
0008 6.000000000000000000e+04 1.626174978476519755e+03 4.500000000000000000e+00 7.77E+03 4.04905 1.2275 11.9731 53.3056 4.98434
0009 6.000000000000000000e+04 2.047228290505137920e+03 3.500000000000000000e+00 9.78E+03 308.93 83.8828 117.327 576.494 25.8777
0010 6.000000000000000000e+04 2.047228290505137920e+03 4.000000000000000000e+00 9.78E+03 26.6992 8.14155 31.6947 74.7093 4.5511
0011 6.000000000000000000e+04 2.047228290505137920e+03 4.500000000000000000e+00 9.78E+03 4.36423 1.31775 13.5542 62.0117 5.91461
0012 6.000000000000000000e+04 2.577319587628865520e+03 3.500000000000000000e+00 1.23E+04 317.135 87.0032 128.063 575.603 25.5045
0013 6.000000000000000000e+04 2.577319587628865520e+03 4.000000000000000000e+00 1.23E+04 27.931 8.56501 36.1461 84.9934 5.37099
0014 6.000000000000000000e+04 2.577319587628865520e+03 4.500000000000000000e+00 1.23E+04 4.69951 1.41318 15.3026 71.8066 6.96963
0015 6.000000000000000000e+04 3.244638181035417347e+03 3.500000000000000000e+00 1.55E+04 325.712 90.234 140.948 577.714 25.342
0016 6.000000000000000000e+04 3.244638181035417347e+03 4.000000000000000000e+00 1.55E+04 29.3441 9.04074 41.2913 97.5248 6.40526
0017 6.000000000000000000e+04 3.244638181035417347e+03 4.500000000000000000e+00 1.55E+04 5.04211 1.50995 17.1994 82.5996 8.13942
0018 6.000000000000000000e+04 4.084748052692324109e+03 3.500000000000000000e+00 1.95E+04 334.222 93.4938 155.905 580.229 25.1484
0019 6.000000000000000000e+04 4.084748052692324109e+03 4.000000000000000000e+00 1.95E+04 30.8218 9.5352 47.0217 112.171 7.65786
0020 6.000000000000000000e+04 4.084748052692324109e+03 4.500000000000000000e+00 1.95E+04 5.41504 1.61517 19.3459 94.8783 9.47052
0021 6.000000000000000000e+04 5.142416805961092905e+03 3.500000000000000000e+00 2.46E+04 343.624 97.0197 173.665 586.344 25.1305
0022 6.000000000000000000e+04 5.142416805961092905e+03 4.000000000000000000e+00 2.46E+04 32.407 10.0604 53.4572 129.351 9.17304
0023 6.000000000000000000e+04 5.142416805961092905e+03 4.500000000000000000e+00 2.46E+04 5.7894 1.72005 21.6587 108.273 10.9252
0024 6.000000000000000000e+04 6.473904288329098563e+03 3.500000000000000000e+00 3.09E+04 353.387 100.673 194.219 595.782 25.2916
0025 6.000000000000000000e+04 6.473904288329098563e+03 4.000000000000000000e+00 3.09E+04 34.1366 10.6281 60.7043 149.546 11.0037
0026 6.000000000000000000e+04 6.473904288329098563e+03 4.500000000000000000e+00 3.09E+04 6.17988 1.82932 24.2188 123.183 12.541
0027 6.000000000000000000e+04 8.150200155073142014e+03 3.500000000000000000e+00 3.89E+04 363.632 104.478 217.894 609.4 25.6892
0028 6.000000000000000000e+04 8.150200155073142014e+03 4.000000000000000000e+00 3.89E+04 36.0274 11.2439 68.8802 173.242 13.2068
0029 6.000000000000000000e+04 8.150200155073142014e+03 4.500000000000000000e+00 3.89E+04 6.58654 1.94252 27.0285 139.719 14.3285
0030 6.000000000000000000e+04 1.026044683521766638e+04 3.500000000000000000e+00 4.90E+04 374.568 108.493 245.095 628.46 26.4034
0031 6.000000000000000000e+04 1.026044683521766638e+04 4.000000000000000000e+00 4.90E+04 38.1105 11.9171 78.1279 201.032 15.8485
0032 6.000000000000000000e+04 1.026044683521766638e+04 4.500000000000000000e+00 4.90E+04 7.01353 2.06133 30.1388 158.159 16.3177
0033 8.000000000000000000e+04 1.026044683521766501e+03 3.500000000000000000e+00 2.57E+03 283.14 74.6684 93.5754 587.86 27.2316
0034 8.000000000000000000e+04 1.026044683521766501e+03 4.000000000000000000e+00 2.58E+03 23.109 6.90737 17.6528 47.9182 2.57598
0035 8.000000000000000000e+04 1.026044683521766501e+03 4.500000000000000000e+00 2.58E+03 3.43289 1.05175 7.80917 33.8785 2.94041
0036 8.000000000000000000e+04 1.291710751444522657e+03 3.500000000000000000e+00 3.24E+03 290.194 77.3498 97.7407 585.803 26.9329
0037 8.000000000000000000e+04 1.291710751444522657e+03 4.000000000000000000e+00 3.24E+03 24.0529 7.24773 20.1906 52.6594 2.88212
0038 8.000000000000000000e+04 1.291710751444522657e+03 4.500000000000000000e+00 3.24E+03 3.7022 1.12946 8.89529 39.7683 3.54921
0039 8.000000000000000000e+04 1.626174978476519755e+03 3.500000000000000000e+00 4.08E+03 298.062 80.3019 103.233 583.943 26.597
0040 8.000000000000000000e+04 1.626174978476519755e+03 4.000000000000000000e+00 4.08E+03 25.0972 7.61599 23.1025 58.4454 3.27293
0041 8.000000000000000000e+04 1.626174978476519755e+03 4.500000000000000000e+00 4.08E+03 3.99325 1.21283 10.1063 46.4834 4.25389
0042 8.000000000000000000e+04 2.047228290505137920e+03 3.500000000000000000e+00 5.14E+03 305.192 83.079 109.739 581.009 26.2229
0043 8.000000000000000000e+04 2.047228290505137920e+03 4.000000000000000000e+00 5.14E+03 26.2267 8.0083 26.4223 65.4521 3.76981
0044 8.000000000000000000e+04 2.047228290505137920e+03 4.500000000000000000e+00 5.14E+03 4.30481 1.30154 11.4577 54.0927 5.06125
0045 8.000000000000000000e+04 2.577319587628865520e+03 3.500000000000000000e+00 6.47E+03 312.5 85.9464 117.72 577.998 25.8006
0046 8.000000000000000000e+04 2.577319587628865520e+03 4.000000000000000000e+00 6.47E+03 27.4614 8.43012 30.2198 73.9139 4.39698
0047 8.000000000000000000e+04 2.577319587628865520e+03 4.500000000000000000e+00 6.47E+03 4.63653 1.39546 12.9604 62.6588 5.97776
0048 8.000000000000000000e+04 3.244638181035417347e+03 3.500000000000000000e+00 8.14E+03 320.275 88.9619 127.471 576.341 25.417
0049 8.000000000000000000e+04 3.244638181035417347e+03 4.000000000000000000e+00 8.14E+03 28.7605 8.86835 34.488 83.8849 5.16765
0050 8.000000000000000000e+04 3.244638181035417347e+03 4.500000000000000000e+00 8.14E+03 4.98628 1.49387 14.6246 72.2501 7.01188
0051 8.000000000000000000e+04 4.084748052692324109e+03 3.500000000000000000e+00 1.03E+04 328.777 92.1996 139.376 577.373 25.1638
0052 8.000000000000000000e+04 4.084748052692324109e+03 4.000000000000000000e+00 1.03E+04 30.155 9.33517 39.3165 95.727 6.11807
0053 8.000000000000000000e+04 4.084748052692324109e+03 4.500000000000000000e+00 1.03E+04 5.34315 1.59339 16.4276 82.762 8.1513
0054 8.000000000000000000e+04 5.142416805961092905e+03 3.500000000000000000e+00 1.29E+04 337.416 95.515 153.335 578.731 24.8728
0055 8.000000000000000000e+04 5.142416805961092905e+03 4.000000000000000000e+00 1.29E+04 31.7207 9.85152 44.8812 109.962 7.29618
0056 8.000000000000000000e+04 5.142416805961092905e+03 4.500000000000000000e+00 1.29E+04 5.71276 1.69643 18.4271 94.4139 9.41783
0057 8.000000000000000000e+04 6.473904288329098563e+03 3.500000000000000000e+00 1.62E+04 346.342 98.9051 169.71 583.665 24.8023
0058 8.000000000000000000e+04 6.473904288329098563e+03 4.000000000000000000e+00 1.62E+04 33.3564 10.388 51.0694 126.49 8.7107
0059 8.000000000000000000e+04 6.473904288329098563e+03 4.500000000000000000e+00 1.62E+04 6.0957 1.80289 20.6448 107.337 10.8202
0060 8.000000000000000000e+04 8.150200155073142014e+03 3.500000000000000000e+00 2.05E+04 356.638 102.725 189.284 592.579 24.8831
0061 8.000000000000000000e+04 8.150200155073142014e+03 4.000000000000000000e+00 2.05E+04 35.165 10.9755 58.1009 146.046 10.4306
0062 8.000000000000000000e+04 8.150200155073142014e+03 4.500000000000000000e+00 2.05E+04 6.48708 1.91142 23.0819 121.563 12.3647
0063 8.000000000000000000e+04 1.026044683521766638e+04 3.500000000000000000e+00 2.57E+04 366.718 106.483 211.52 604.72 25.1763
0064 8.000000000000000000e+04 1.026044683521766638e+04 4.000000000000000000e+00 2.58E+04 37.0504 11.5859 65.8899 168.591 12.4725
0065 8.000000000000000000e+04 1.026044683521766638e+04 4.500000000000000000e+00 2.58E+04 6.8789 2.0198 25.7196 137.053 14.0471
0066 1.000000000000000000e+05 1.026044683521766501e+03 3.500000000000000000e+00 1.56E+03 281 74.4276 94.1959 589.382 27.3201
0067 1.000000000000000000e+05 1.026044683521766501e+03 4.000000000000000000e+00 1.56E+03 22.9448 6.87624 15.6881 45.4419 2.40232
0068 1.000000000000000000e+05 1.026044683521766501e+03 4.500000000000000000e+00 1.56E+03 3.40424 1.04548 6.92851 31.0903 2.65321
0069 1.000000000000000000e+05 1.291710751444522657e+03 3.500000000000000000e+00 1.96E+03 287.945 77.1025 97.2338 586.661 26.9936
0070 1.000000000000000000e+05 1.291710751444522657e+03 4.000000000000000000e+00 1.96E+03 23.8999 7.2192 17.9229 49.5731 2.65274
0071 1.000000000000000000e+05 1.291710751444522657e+03 4.500000000000000000e+00 1.96E+03 3.67328 1.12294 7.89685 36.4765 3.20604
0072 1.000000000000000000e+05 1.626174978476519755e+03 3.500000000000000000e+00 2.47E+03 295.804 80.0635 101.512 584.64 26.6584
0073 1.000000000000000000e+05 1.626174978476519755e+03 4.000000000000000000e+00 2.47E+03 24.9898 7.60083 20.5406 54.7598 2.98384
0074 1.000000000000000000e+05 1.626174978476519755e+03 4.500000000000000000e+00 2.47E+03 3.96562 1.20642 8.97941 42.6358 3.84831
0075 1.000000000000000000e+05 2.047228290505137920e+03 3.500000000000000000e+00 3.11E+03 302.692 82.7949 106.569 580.444 26.207
0076 1.000000000000000000e+05 2.047228290505137920e+03 4.000000000000000000e+00 3.11E+03 26.121 7.99218 23.5003 60.9238 3.39907
0077 1.000000000000000000e+05 2.047228290505137920e+03 4.500000000000000000e+00 3.11E+03 4.28041 1.29571 10.1897 49.6317 4.58695
0078 1.000000000000000000e+05 2.577319587628865520e+03 3.500000000000000000e+00 3.92E+03 310.751 85.8684 113.317 578.776 25.8751
0079 1.000000000000000000e+05 2.577319587628865520e+03 4.000000000000000000e+00 3.92E+03 27.3457 8.41032 26.8858 68.3518 3.92339
0080 1.000000000000000000e+05 2.577319587628865520e+03 4.500000000000000000e+00 3.92E+03 4.61686 1.39049 11.542 57.5319 5.42856
0081 1.000000000000000000e+05 3.244638181035417347e+03 3.500000000000000000e+00 4.93E+03 318.448 88.8731 121.381 576.344 25.4671
0082 1.000000000000000000e+05 3.244638181035417347e+03 4.000000000000000000e+00 4.94E+03 28.6136 8.8383 30.6783 77.0732 4.56808
0083 1.000000000000000000e+05 3.244638181035417347e+03 4.500000000000000000e+00 4.94E+03 4.97256 1.49011 13.0469 66.3815 6.3785
0084 1.000000000000000000e+05 4.084748052692324109e+03 3.500000000000000000e+00 6.21E+03 326.151 91.9032 131.083 574.281 25.0587
0085 1.000000000000000000e+05 4.084748052692324109e+03 4.000000000000000000e+00 6.21E+03 30.07 9.3236 35.1028 87.7406 5.3846
0086 1.000000000000000000e+05 4.084748052692324109e+03 4.500000000000000000e+00 6.21E+03 5.33391 1.59094 14.6887 76.069 7.42605
0087 1.000000000000000000e+05 5.142416805961092905e+03 3.500000000000000000e+00 7.82E+03 334.721 95.2063 142.975 574.595 24.7359
0088 1.000000000000000000e+05 5.142416805961092905e+03 4.000000000000000000e+00 7.82E+03 31.6151 9.83363 40.0895 100.266 6.37787
0089 1.000000000000000000e+05 5.142416805961092905e+03 4.500000000000000000e+00 7.82E+03 5.71057 1.69543 16.5107 86.8074 8.59088
0090 1.000000000000000000e+05 6.473904288329098563e+03 3.500000000000000000e+00 9.85E+03 344.401 98.825 157.394 578.578 24.579
0091 1.000000000000000000e+05 6.473904288329098563e+03 4.000000000000000000e+00 9.85E+03 33.328 10.3927 45.7945 115.191 7.5991
0092 1.000000000000000000e+05 6.473904288329098563e+03 4.500000000000000000e+00 9.85E+03 6.10315 1.804 18.5335 98.7039 9.8825
0093 1.000000000000000000e+05 8.150200155073142014e+03 3.500000000000000000e+00 1.24E+04 353.776 102.387 173.994 583.438 24.4468
0094 1.000000000000000000e+05 8.150200155073142014e+03 4.000000000000000000e+00 1.24E+04 35.0669 10.9578 52.0676 132.337 9.05268
0095 1.000000000000000000e+05 8.150200155073142014e+03 4.500000000000000000e+00 1.24E+04 6.50391 1.91474 20.7691 111.777 11.3026
0096 1.000000000000000000e+05 1.026044683521766638e+04 3.500000000000000000e+00 1.56E+04 364.64 106.392 193.905 593.904 24.6146
0097 1.000000000000000000e+05 1.026044683521766638e+04 4.000000000000000000e+00 1.56E+04 37.0531 11.5965 59.2923 152.8 10.8297
0098 1.000000000000000000e+05 1.026044683521766638e+04 4.500000000000000000e+00 1.56E+04 6.90492 2.02524 23.2052 126.017 12.8495
0099 1.200000000000000000e+05 1.026044683521766501e+03 3.500000000000000000e+00 1.07E+03 279.378 74.2039 94.3388 586.311 27.1354
0100 1.200000000000000000e+05 1.026044683521766501e+03 4.000000000000000000e+00 1.07E+03 22.9111 6.87098 14.9523 44.4629 2.33726
0101 1.200000000000000000e+05 1.026044683521766501e+03 4.500000000000000000e+00 1.07E+03 3.38944 1.04199 6.57461 30.0581 2.52895
0102 1.200000000000000000e+05 1.291710751444522657e+03 3.500000000000000000e+00 1.35E+03 287.256 77.1479 97.2535 585.483 26.9187
0103 1.200000000000000000e+05 1.291710751444522657e+03 4.000000000000000000e+00 1.35E+03 23.9181 7.23102 17.0907 48.4071 2.56592
0104 1.200000000000000000e+05 1.291710751444522657e+03 4.500000000000000000e+00 1.35E+03 3.66736 1.12207 7.51274 35.2275 3.05996
0105 1.200000000000000000e+05 1.626174978476519755e+03 3.500000000000000000e+00 1.70E+03 294.563 79.9822 100.862 582.388 26.5508
0106 1.200000000000000000e+05 1.626174978476519755e+03 4.000000000000000000e+00 1.70E+03 24.9683 7.60104 19.5283 53.2174 2.86804
0107 1.200000000000000000e+05 1.626174978476519755e+03 4.500000000000000000e+00 1.70E+03 3.9611 1.2058 8.54593 41.0808 3.67215
0108 1.200000000000000000e+05 2.047228290505137920e+03 3.500000000000000000e+00 2.14E+03 301.822 82.8284 105.465 578.752 26.1363
0109 1.200000000000000000e+05 2.047228290505137920e+03 4.000000000000000000e+00 2.14E+03 26.1221 8.0016 22.3346 59.0638 3.25212
0110 1.200000000000000000e+05 2.047228290505137920e+03 4.500000000000000000e+00 2.14E+03 4.27987 1.29591 9.69715 47.7702 4.38044
0111 1.200000000000000000e+05 2.577319587628865520e+03 3.500000000000000000e+00 2.69E+03 309.283 85.7673 111.305 574.556 25.6252
0112 1.200000000000000000e+05 2.577319587628865520e+03 4.000000000000000000e+00 2.70E+03 27.3855 8.43227 25.5659 66.1602 3.74056
0113 1.200000000000000000e+05 2.577319587628865520e+03 4.500000000000000000e+00 2.70E+03 4.60872 1.3884 10.9604 55.1988 5.1762
0114 1.200000000000000000e+05 3.244638181035417347e+03 3.500000000000000000e+00 3.39E+03 317.817 89.0268 119.002 573.68 25.3205
0115 1.200000000000000000e+05 3.244638181035417347e+03 4.000000000000000000e+00 3.39E+03 28.7608 8.89583 29.26 74.6941 4.35535
0116 1.200000000000000000e+05 3.244638181035417347e+03 4.500000000000000000e+00 3.39E+03 4.96909 1.48942 12.3927 63.6896 6.08993
0117 1.200000000000000000e+05 4.084748052692324109e+03 3.500000000000000000e+00 4.27E+03 325.559 92.0838 127.895 571.192 24.8793
0118 1.200000000000000000e+05 4.084748052692324109e+03 4.000000000000000000e+00 4.27E+03 30.1914 9.37175 33.4081 84.7452 5.11206
0119 1.200000000000000000e+05 4.084748052692324109e+03 4.500000000000000000e+00 4.27E+03 5.35167 1.59597 13.9858 73.2001 7.11837
0120 1.200000000000000000e+05 5.142416805961092905e+03 3.500000000000000000e+00 5.38E+03 335.009 95.6651 139.261 572.095 24.5724
0121 1.200000000000000000e+05 5.142416805961092905e+03 4.000000000000000000e+00 5.38E+03 31.8023 9.90388 38.1882 96.7428 6.04208
0122 1.200000000000000000e+05 5.142416805961092905e+03 4.500000000000000000e+00 5.38E+03 5.73847 1.70317 15.7261 83.5889 8.24741
0123 1.200000000000000000e+05 6.473904288329098563e+03 3.500000000000000000e+00 6.77E+03 344.075 99.1467 152.442 574.063 24.3122
0124 1.200000000000000000e+05 6.473904288329098563e+03 4.000000000000000000e+00 6.77E+03 33.508 10.4619 43.5538 110.844 7.17507
0125 1.200000000000000000e+05 6.473904288329098563e+03 4.500000000000000000e+00 6.77E+03 6.14124 1.81475 17.664 95.0849 9.49782
0126 1.200000000000000000e+05 8.150200155073142014e+03 3.500000000000000000e+00 8.52E+03 354.401 102.986 168.4 580.286 24.254
0127 1.200000000000000000e+05 8.150200155073142014e+03 4.000000000000000000e+00 8.52E+03 35.3686 11.065 49.6463 127.507 8.55607
0128 1.200000000000000000e+05 8.150200155073142014e+03 4.500000000000000000e+00 8.52E+03 6.56199 1.9309 19.8221 107.838 10.8831
0129 1.200000000000000000e+05 1.026044683521766638e+04 3.500000000000000000e+00 1.07E+04 365.447 107.085 187.126 588.916 24.2623
0130 1.200000000000000000e+05 1.026044683521766638e+04 4.000000000000000000e+00 1.07E+04 37.4015 11.7196 56.5415 147.088 10.2251
0131 1.200000000000000000e+05 1.026044683521766638e+04 4.500000000000000000e+00 1.07E+04 6.98324 2.04688 22.1692 121.677 12.3867
0132 1.400000000000000000e+05 1.026044683521766501e+03 3.500000000000000000e+00 7.15E+02 276.824 73.5903 93.7342 581.88 26.9632
0133 1.400000000000000000e+05 1.026044683521766501e+03 4.000000000000000000e+00 7.15E+02 22.8377 6.8478 14.5052 44.0146 2.3038
0134 1.400000000000000000e+05 1.026044683521766501e+03 4.500000000000000000e+00 7.15E+02 3.39321 1.04388 6.38035 30.71 2.49299
0135 1.400000000000000000e+05 1.291710751444522657e+03 3.500000000000000000e+00 9.00E+02 284.502 76.4975 96.2398 579.954 26.6647
0136 1.400000000000000000e+05 1.291710751444522657e+03 4.000000000000000000e+00 9.00E+02 23.8099 7.19755 16.5375 47.507 2.50109
0137 1.400000000000000000e+05 1.291710751444522657e+03 4.500000000000000000e+00 9.00E+02 3.66282 1.12102 7.27835 35.6557 2.99477
0138 1.400000000000000000e+05 1.626174978476519755e+03 3.500000000000000000e+00 1.13E+03 292.228 79.4616 99.6252 577.499 26.3358
0139 1.400000000000000000e+05 1.626174978476519755e+03 4.000000000000000000e+00 1.13E+03 24.8627 7.57039 18.8735 51.8146 2.76061
0140 1.400000000000000000e+05 1.626174978476519755e+03 4.500000000000000000e+00 1.13E+03 3.95964 1.20552 8.29328 41.3104 3.58019
0141 1.400000000000000000e+05 2.047228290505137920e+03 3.500000000000000000e+00 1.43E+03 299.851 82.4346 103.916 573.647 25.8715
0142 1.400000000000000000e+05 2.047228290505137920e+03 4.000000000000000000e+00 1.43E+03 26.0893 7.99409 21.6054 57.3351 3.11367
0143 1.400000000000000000e+05 2.047228290505137920e+03 4.500000000000000000e+00 1.43E+03 4.26866 1.29302 9.40431 47.5624 4.24205
0144 1.400000000000000000e+05 2.577319587628865520e+03 3.500000000000000000e+00 1.80E+03 308.242 85.6516 109.664 571.76 25.5244
0145 1.400000000000000000e+05 2.577319587628865520e+03 4.000000000000000000e+00 1.80E+03 27.3639 8.4308 24.6786 63.9515 3.56058
0146 1.400000000000000000e+05 2.577319587628865520e+03 4.500000000000000000e+00 1.80E+03 4.60397 1.38734 10.6457 54.6226 5.00091
0147 1.400000000000000000e+05 3.244638181035417347e+03 3.500000000000000000e+00 2.26E+03 316.298 88.8148 116.556 568.214 25.0312
0148 1.400000000000000000e+05 3.244638181035417347e+03 4.000000000000000000e+00 2.26E+03 28.75 8.90002 28.177 71.9606 4.12602
0149 1.400000000000000000e+05 3.244638181035417347e+03 4.500000000000000000e+00 2.26E+03 4.97304 1.49082 12.0515 62.6487 5.87301
0150 1.400000000000000000e+05 4.084748052692324109e+03 3.500000000000000000e+00 2.85E+03 324.931 92.1523 125.195 566.925 24.6426
0151 1.400000000000000000e+05 4.084748052692324109e+03 4.000000000000000000e+00 2.85E+03 30.2656 9.40733 32.1531 81.5623 4.83037
0152 1.400000000000000000e+05 4.084748052692324109e+03 4.500000000000000000e+00 2.85E+03 5.35185 1.59652 13.5825 71.4107 6.83767
0153 1.400000000000000000e+05 5.142416805961092905e+03 3.500000000000000000e+00 3.58E+03 333.735 95.561 135.569 566.428 24.2755
0154 1.400000000000000000e+05 5.142416805961092905e+03 4.000000000000000000e+00 3.58E+03 31.901 9.94807 36.667 93.0685 5.70926
0155 1.400000000000000000e+05 5.142416805961092905e+03 4.500000000000000000e+00 3.58E+03 5.74993 1.70706 15.2612 81.1344 7.91572
0156 1.400000000000000000e+05 6.473904288329098563e+03 3.500000000000000000e+00 4.51E+03 343.764 99.3408 148.309 569.102 24.0189
0157 1.400000000000000000e+05 6.473904288329098563e+03 4.000000000000000000e+00 4.51E+03 33.6866 10.5338 41.7994 106.708 6.78453
0158 1.400000000000000000e+05 6.473904288329098563e+03 4.500000000000000000e+00 4.51E+03 6.18066 1.82676 17.1428 92.1732 9.13545
0159 1.400000000000000000e+05 8.150200155073142014e+03 3.500000000000000000e+00 5.68E+03 354.221 103.261 163.383 574.009 23.8596
0160 1.400000000000000000e+05 8.150200155073142014e+03 4.000000000000000000e+00 5.68E+03 35.6285 11.1647 47.6207 122.882 8.10231
0161 1.400000000000000000e+05 8.150200155073142014e+03 4.500000000000000000e+00 5.68E+03 6.60463 1.94388 19.1392 104.105 10.4513
0162 1.400000000000000000e+05 1.026044683521766638e+04 3.500000000000000000e+00 7.15E+03 365.214 107.345 181.149 582.522 23.8959
0163 1.400000000000000000e+05 1.026044683521766638e+04 4.000000000000000000e+00 7.15E+03 37.786 11.8576 54.2927 142.182 9.71833
0164 1.400000000000000000e+05 1.026044683521766638e+04 4.500000000000000000e+00 7.15E+03 7.07301 2.07356 21.4225 117.826 11.9529
0165 1.600000000000000000e+05 1.026044683521766501e+03 3.500000000000000000e+00 4.82E+02 274.561 73.0903 94.4154 578.509 26.8271
0166 1.600000000000000000e+05 1.026044683521766501e+03 4.000000000000000000e+00 4.82E+02 22.8289 6.85067 14.7229 45.6949 2.39204
0167 1.600000000000000000e+05 1.026044683521766501e+03 4.500000000000000000e+00 4.82E+02 3.40122 1.04682 6.42829 33.0747 2.55723
0168 1.600000000000000000e+05 1.291710751444522657e+03 3.500000000000000000e+00 6.06E+02 282.547 76.0732 96.976 577.564 26.5968
0169 1.600000000000000000e+05 1.291710751444522657e+03 4.000000000000000000e+00 6.06E+02 23.8422 7.21221 16.8338 49.3883 2.59352
0170 1.600000000000000000e+05 1.291710751444522657e+03 4.500000000000000000e+00 6.06E+02 3.67406 1.12488 7.36184 38.3658 3.06618
0171 1.600000000000000000e+05 1.626174978476519755e+03 3.500000000000000000e+00 7.63E+02 291.069 79.2529 100.588 576.509 26.3196
0172 1.600000000000000000e+05 1.626174978476519755e+03 4.000000000000000000e+00 7.63E+02 24.9151 7.59049 19.2574 53.8741 2.8554
0173 1.600000000000000000e+05 1.626174978476519755e+03 4.500000000000000000e+00 7.63E+02 3.96753 1.20845 8.40461 44.3056 3.65103
0174 1.600000000000000000e+05 2.047228290505137920e+03 3.500000000000000000e+00 9.61E+02 299.027 82.3111 105.007 573.764 25.9278
0175 1.600000000000000000e+05 2.047228290505137920e+03 4.000000000000000000e+00 9.61E+02 26.075 7.99469 22.0205 59.2869 3.18905
0176 1.600000000000000000e+05 2.047228290505137920e+03 4.500000000000000000e+00 9.61E+02 4.28466 1.29797 9.56672 50.9791 4.32302
0177 1.600000000000000000e+05 2.577319587628865520e+03 3.500000000000000000e+00 1.21E+03 307.061 85.4309 110.673 571.084 25.5396
0178 1.600000000000000000e+05 2.577319587628865520e+03 4.000000000000000000e+00 1.21E+03 27.393 8.44474 25.2231 66.0098 3.62753
0179 1.600000000000000000e+05 2.577319587628865520e+03 4.500000000000000000e+00 1.21E+03 4.63417 1.39627 10.8855 58.5528 5.09806
0180 1.600000000000000000e+05 3.244638181035417347e+03 3.500000000000000000e+00 1.52E+03 315.323 88.6431 117.737 568.599 25.1219
0181 1.600000000000000000e+05 3.244638181035417347e+03 4.000000000000000000e+00 1.52E+03 28.7854 8.91739 28.8006 73.8346 4.15667
0182 1.600000000000000000e+05 3.244638181035417347e+03 4.500000000000000000e+00 1.52E+03 4.9949 1.49729 12.3224 66.8118 5.95982
0183 1.600000000000000000e+05 4.084748052692324109e+03 3.500000000000000000e+00 1.92E+03 324.195 92.053 126.575 567.167 24.716
0184 1.600000000000000000e+05 4.084748052692324109e+03 4.000000000000000000e+00 1.92E+03 30.274 9.41636 32.851 83.2291 4.82573
0185 1.600000000000000000e+05 4.084748052692324109e+03 4.500000000000000000e+00 1.92E+03 5.37969 1.60456 13.9074 75.9641 6.92821
0186 1.600000000000000000e+05 5.142416805961092905e+03 3.500000000000000000e+00 2.41E+03 333.119 95.5069 137.163 566.455 24.3165
0187 1.600000000000000000e+05 5.142416805961092905e+03 4.000000000000000000e+00 2.41E+03 31.965 9.97636 37.51 94.5808 5.66378
0188 1.600000000000000000e+05 5.142416805961092905e+03 4.500000000000000000e+00 2.41E+03 5.78282 1.71675 15.646 85.9961 8.00136
0189 1.600000000000000000e+05 6.473904288329098563e+03 3.500000000000000000e+00 3.04E+03 343.319 99.3372 150.279 569.628 24.108
0190 1.600000000000000000e+05 6.473904288329098563e+03 4.000000000000000000e+00 3.04E+03 33.7942 10.5763 42.7419 107.992 6.69237
0191 1.600000000000000000e+05 6.473904288329098563e+03 4.500000000000000000e+00 3.04E+03 6.21837 1.83788 17.5814 97.1925 9.20755
0192 1.600000000000000000e+05 8.150200155073142014e+03 3.500000000000000000e+00 3.82E+03 353.964 103.308 165.806 574.828 23.9717
0193 1.600000000000000000e+05 8.150200155073142014e+03 4.000000000000000000e+00 3.83E+03 35.7613 11.2147 48.6496 123.837 7.95313
0194 1.600000000000000000e+05 8.150200155073142014e+03 4.500000000000000000e+00 3.83E+03 6.65813 1.95973 19.6462 109.195 10.5154
0195 1.600000000000000000e+05 1.026044683521766638e+04 3.500000000000000000e+00 4.81E+03 365.411 107.518 184.194 584.11 24.0322
0196 1.600000000000000000e+05 1.026044683521766638e+04 4.000000000000000000e+00 4.82E+03 37.9275 11.9112 55.3606 142.705 9.50377
0197 1.600000000000000000e+05 1.026044683521766638e+04 4.500000000000000000e+00 4.82E+03 7.12148 2.08811 21.8956 122.362 11.9612
0198 1.800000000000000000e+05 1.026044683521766501e+03 3.500000000000000000e+00 3.46E+02 273.79 72.9988 95.0571 577.558 26.7815
0199 1.800000000000000000e+05 1.026044683521766501e+03 4.000000000000000000e+00 3.46E+02 22.8583 6.86715 14.7074 46.7885 2.45295
0200 1.800000000000000000e+05 1.026044683521766501e+03 4.500000000000000000e+00 3.46E+02 3.41599 1.05195 6.37718 34.4066 2.60288
0201 1.800000000000000000e+05 1.291710751444522657e+03 3.500000000000000000e+00 4.35E+02 281.492 75.8911 97.3869 576.515 26.5699
0202 1.800000000000000000e+05 1.291710751444522657e+03 4.000000000000000000e+00 4.35E+02 23.879 7.23015 16.8266 50.5739 2.65759
0203 1.800000000000000000e+05 1.291710751444522657e+03 4.500000000000000000e+00 4.35E+02 3.68928 1.1301 7.30237 39.7731 3.11193
0204 1.800000000000000000e+05 1.626174978476519755e+03 3.500000000000000000e+00 5.48E+02 289.721 78.9825 100.777 575.235 26.2967
0205 1.800000000000000000e+05 1.626174978476519755e+03 4.000000000000000000e+00 5.48E+02 24.9588 7.6107 19.2533 55.1408 2.92188
0206 1.800000000000000000e+05 1.626174978476519755e+03 4.500000000000000000e+00 5.48E+02 3.98897 1.2152 8.34941 45.8722 3.70295
0207 1.800000000000000000e+05 2.047228290505137920e+03 3.500000000000000000e+00 6.90E+02 297.917 82.0961 105.198 573.548 25.9846
0208 1.800000000000000000e+05 2.047228290505137920e+03 4.000000000000000000e+00 6.90E+02 26.1417 8.0202 22.0384 60.6933 3.25957
0209 1.800000000000000000e+05 2.047228290505137920e+03 4.500000000000000000e+00 6.90E+02 4.30715 1.30472 9.5119 52.6797 4.37733
0210 1.800000000000000000e+05 2.577319587628865520e+03 3.500000000000000000e+00 8.68E+02 306.241 85.2951 110.824 570.923 25.5714
0211 1.800000000000000000e+05 2.577319587628865520e+03 4.000000000000000000e+00 8.68E+02 27.4019 8.45203 25.1904 67.3345 3.68563
0212 1.800000000000000000e+05 2.577319587628865520e+03 4.500000000000000000e+00 8.68E+02 4.65456 1.40236 10.8286 60.3509 5.14863
0213 1.800000000000000000e+05 3.244638181035417347e+03 3.500000000000000000e+00 1.09E+03 314.489 88.4978 117.81 568.549 25.1706
0214 1.800000000000000000e+05 3.244638181035417347e+03 4.000000000000000000e+00 1.09E+03 28.8272 8.93399 28.8357 75.436 4.22644
0215 1.800000000000000000e+05 3.244638181035417347e+03 4.500000000000000000e+00 1.09E+03 5.02863 1.507 12.3128 68.9353 6.02498
0216 1.800000000000000000e+05 4.084748052692324109e+03 3.500000000000000000e+00 1.38E+03 323.549 91.9567 126.678 568.097 24.8235
0217 1.800000000000000000e+05 4.084748052692324109e+03 4.000000000000000000e+00 1.38E+03 30.3616 9.44734 32.9662 85.0679 4.89639
0218 1.800000000000000000e+05 4.084748052692324109e+03 4.500000000000000000e+00 1.38E+03 5.41713 1.6151 13.9293 78.2938 6.99508
0219 1.800000000000000000e+05 5.142416805961092905e+03 3.500000000000000000e+00 1.73E+03 332.817 95.4916 137.442 568.815 24.5423
0220 1.800000000000000000e+05 5.142416805961092905e+03 4.000000000000000000e+00 1.73E+03 31.9737 9.98366 37.5785 96.3397 5.71222
0221 1.800000000000000000e+05 5.142416805961092905e+03 4.500000000000000000e+00 1.73E+03 5.82011 1.72724 15.6956 88.4739 8.06287
0222 1.800000000000000000e+05 6.473904288329098563e+03 3.500000000000000000e+00 2.18E+03 342.987 99.2989 150.597 572.119 24.3357
0223 1.800000000000000000e+05 6.473904288329098563e+03 4.000000000000000000e+00 2.18E+03 33.8564 10.5992 42.9384 110.141 6.74353
0224 1.800000000000000000e+05 6.473904288329098563e+03 4.500000000000000000e+00 2.18E+03 6.25571 1.84817 17.6561 99.8255 9.26092
0225 1.800000000000000000e+05 8.150200155073142014e+03 3.500000000000000000e+00 2.75E+03 353.955 103.372 166.38 577.887 24.2346
0226 1.800000000000000000e+05 8.150200155073142014e+03 4.000000000000000000e+00 2.75E+03 35.8414 11.243 48.9409 126.322 8.00067
0227 1.800000000000000000e+05 8.150200155073142014e+03 4.500000000000000000e+00 2.75E+03 6.69709 1.97088 19.7555 112.034 10.5615
0228 1.800000000000000000e+05 1.026044683521766638e+04 3.500000000000000000e+00 3.46E+03 365.45 107.585 184.99 587.896 24.3522
0229 1.800000000000000000e+05 1.026044683521766638e+04 4.000000000000000000e+00 3.46E+03 38.0001 11.9392 55.7658 145.369 9.53463
0230 1.800000000000000000e+05 1.026044683521766638e+04 4.500000000000000000e+00 3.46E+03 7.17333 2.10298 22.0655 125.613 12.0155