0000 6.000000000000000000e+04 1.026044683521766501e+03 3.500000000000000000e+00 4.90E+03 2.11624 0.914484 12.3959 4.62131 0.251568
0001 6.000000000000000000e+04 1.026044683521766501e+03 4.000000000000000000e+00 4.90E+03 0.447724 0.180865 6.31271 8.44578 0.541384
0002 6.000000000000000000e+04 1.026044683521766501e+03 4.500000000000000000e+00 4.90E+03 0.166663 0.051957 3.33193 13.1947 0.941107
0003 6.000000000000000000e+04 1.291710751444522657e+03 3.500000000000000000e+00 6.17E+03 2.20445 0.956136 14.0224 5.52801 0.304187
0004 6.000000000000000000e+04 1.291710751444522657e+03 4.000000000000000000e+00 6.17E+03 0.465815 0.18736 6.87609 9.58684 0.624028
0005 6.000000000000000000e+04 1.291710751444522657e+03 4.500000000000000000e+00 6.17E+03 0.173513 0.0540113 3.56034 14.5076 1.05276
0006 6.000000000000000000e+04 1.626174978476519755e+03 3.500000000000000000e+00 7.77E+03 2.29864 1.00043 15.8372 6.59204 0.366676
0007 6.000000000000000000e+04 1.626174978476519755e+03 4.000000000000000000e+00 7.77E+03 0.486927 0.195069 7.49207 10.8629 0.717683
0008 6.000000000000000000e+04 1.626174978476519755e+03 4.500000000000000000e+00 7.77E+03 0.179909 0.0559401 3.79708 15.8917 1.17165
0009 6.000000000000000000e+04 2.047228290505137920e+03 3.500000000000000000e+00 9.78E+03 2.39497 1.04569 17.8211 7.81727 0.439503
0010 6.000000000000000000e+04 2.047228290505137920e+03 4.000000000000000000e+00 9.78E+03 0.511032 0.203983 8.15106 12.2663 0.822007
0011 6.000000000000000000e+04 2.047228290505137920e+03 4.500000000000000000e+00 9.78E+03 0.186537 0.0579371 4.0442 17.358 1.29826
0012 6.000000000000000000e+04 2.577319587628865520e+03 3.500000000000000000e+00 1.23E+04 2.49792 1.09408 20.0311 9.24244 0.52509
0013 6.000000000000000000e+04 2.577319587628865520e+03 4.000000000000000000e+00 1.23E+04 0.538137 0.213891 8.85507 13.8046 0.937599
0014 6.000000000000000000e+04 2.577319587628865520e+03 4.500000000000000000e+00 1.23E+04 0.193404 0.0600001 4.30427 18.922 1.43304
0015 6.000000000000000000e+04 3.244638181035417347e+03 3.500000000000000000e+00 1.55E+04 2.59785 1.14166 22.4045 10.8542 0.623033
0016 6.000000000000000000e+04 3.244638181035417347e+03 4.000000000000000000e+00 1.55E+04 0.567281 0.224445 9.61746 15.5015 1.06617
0017 6.000000000000000000e+04 3.244638181035417347e+03 4.500000000000000000e+00 1.55E+04 0.200258 0.0620377 4.56775 20.5392 1.5733
0018 6.000000000000000000e+04 4.084748052692324109e+03 3.500000000000000000e+00 1.95E+04 2.69691 1.18941 24.9807 12.6823 0.73532
0019 6.000000000000000000e+04 4.084748052692324109e+03 4.000000000000000000e+00 1.95E+04 0.598718 0.235641 10.4217 17.3378 1.20671
0020 6.000000000000000000e+04 4.084748052692324109e+03 4.500000000000000000e+00 1.95E+04 0.207302 0.0641423 4.85683 22.3132 1.72602
0021 6.000000000000000000e+04 5.142416805961092905e+03 3.500000000000000000e+00 2.46E+04 2.80119 1.24072 27.837 14.781 0.865334
0022 6.000000000000000000e+04 5.142416805961092905e+03 4.000000000000000000e+00 2.46E+04 0.632437 0.247511 11.2855 19.3405 1.36096
0023 6.000000000000000000e+04 5.142416805961092905e+03 4.500000000000000000e+00 2.46E+04 0.214703 0.0663047 5.14683 24.1349 1.88245
0024 6.000000000000000000e+04 6.473904288329098563e+03 3.500000000000000000e+00 3.09E+04 2.89639 1.28891 30.8622 17.1045 1.01077
0025 6.000000000000000000e+04 6.473904288329098563e+03 4.000000000000000000e+00 3.09E+04 0.667036 0.259501 12.193 21.4852 1.52704
0026 6.000000000000000000e+04 6.473904288329098563e+03 4.500000000000000000e+00 3.09E+04 0.222704 0.0686284 5.45708 26.0892 2.04939
0027 6.000000000000000000e+04 8.150200155073142014e+03 3.500000000000000000e+00 3.89E+04 2.99546 1.3404 34.1979 19.7465 1.17736
0028 6.000000000000000000e+04 8.150200155073142014e+03 4.000000000000000000e+00 3.89E+04 0.701897 0.271393 13.1413 23.7705 1.70504
0029 6.000000000000000000e+04 8.150200155073142014e+03 4.500000000000000000e+00 3.89E+04 0.231295 0.0710961 5.78925 28.1887 2.22681
0030 6.000000000000000000e+04 1.026044683521766638e+04 3.500000000000000000e+00 4.90E+04 3.08702 1.38928 37.7059 22.6371 1.36138
0031 6.000000000000000000e+04 1.026044683521766638e+04 4.000000000000000000e+00 4.90E+04 0.741217 0.284683 14.1681 26.2656 1.89975
0032 6.000000000000000000e+04 1.026044683521766638e+04 4.500000000000000000e+00 4.90E+04 0.240024 0.0735616 6.1216 30.3209 2.40599
0033 8.000000000000000000e+04 1.026044683521766501e+03 3.500000000000000000e+00 2.57E+03 2.03329 0.869524 10.0215 3.47999 0.190594
0034 8.000000000000000000e+04 1.026044683521766501e+03 4.000000000000000000e+00 2.58E+03 0.450633 0.178273 5.48041 6.76581 0.419758
0035 8.000000000000000000e+04 1.026044683521766501e+03 4.500000000000000000e+00 2.58E+03 0.175641 0.0535 3.04665 11.5602 0.809747
0036 8.000000000000000000e+04 1.291710751444522657e+03 3.500000000000000000e+00 3.24E+03 2.11382 0.907779 11.3888 4.16537 0.229767
0037 8.000000000000000000e+04 1.291710751444522657e+03 4.000000000000000000e+00 3.24E+03 0.46679 0.184036 5.9783 7.68609 0.482896
0038 8.000000000000000000e+04 1.291710751444522657e+03 4.500000000000000000e+00 3.24E+03 0.181078 0.055148 3.23597 12.6314 0.898016
0039 8.000000000000000000e+04 1.626174978476519755e+03 3.500000000000000000e+00 4.08E+03 2.20075 0.948995 12.9293 4.97701 0.276667
0040 8.000000000000000000e+04 1.626174978476519755e+03 4.000000000000000000e+00 4.08E+03 0.484251 0.190557 6.50801 8.70047 0.553408
0041 8.000000000000000000e+04 1.626174978476519755e+03 4.500000000000000000e+00 4.08E+03 0.186657 0.056862 3.43785 13.7798 0.993034
0042 8.000000000000000000e+04 2.047228290505137920e+03 3.500000000000000000e+00 5.14E+03 2.2839 0.988943 14.5965 5.90716 0.331007
0043 8.000000000000000000e+04 2.047228290505137920e+03 4.000000000000000000e+00 5.14E+03 0.504516 0.198197 7.07872 9.82436 0.632348
0044 8.000000000000000000e+04 2.047228290505137920e+03 4.500000000000000000e+00 5.14E+03 0.192097 0.0585459 3.64864 14.9929 1.09417
0045 8.000000000000000000e+04 2.577319587628865520e+03 3.500000000000000000e+00 6.47E+03 2.37372 1.03216 16.4649 6.99738 0.395267
0046 8.000000000000000000e+04 2.577319587628865520e+03 4.000000000000000000e+00 6.47E+03 0.527348 0.206696 7.68974 11.0621 0.720315
0047 8.000000000000000000e+04 2.577319587628865520e+03 4.500000000000000000e+00 6.47E+03 0.197393 0.060207 3.86861 16.2721 1.2018
0048 8.000000000000000000e+04 3.244638181035417347e+03 3.500000000000000000e+00 8.14E+03 2.46392 1.07618 18.5123 8.25054 0.469873
0049 8.000000000000000000e+04 3.244638181035417347e+03 4.000000000000000000e+00 8.14E+03 0.552517 0.215945 8.35862 12.44 0.81905
0050 8.000000000000000000e+04 3.244638181035417347e+03 4.500000000000000000e+00 8.14E+03 0.202683 0.0618544 4.09205 17.5963 1.31329
0051 8.000000000000000000e+04 4.084748052692324109e+03 3.500000000000000000e+00 1.03E+04 2.55323 1.12068 20.7494 9.68337 0.555947
0052 8.000000000000000000e+04 4.084748052692324109e+03 4.000000000000000000e+00 1.03E+04 0.579185 0.225556 9.05961 13.9258 0.926478
0053 8.000000000000000000e+04 4.084748052692324109e+03 4.500000000000000000e+00 1.03E+04 0.208026 0.0635299 4.33095 19.018 1.43293
0054 8.000000000000000000e+04 5.142416805961092905e+03 3.500000000000000000e+00 1.29E+04 2.63891 1.16446 23.1858 11.3119 0.654632
0055 8.000000000000000000e+04 5.142416805961092905e+03 4.000000000000000000e+00 1.29E+04 0.607495 0.235665 9.81665 15.5568 1.04518
0056 8.000000000000000000e+04 5.142416805961092905e+03 4.500000000000000000e+00 1.29E+04 0.213958 0.0653609 4.58878 20.5526 1.56156
0057 8.000000000000000000e+04 6.473904288329098563e+03 3.500000000000000000e+00 1.62E+04 2.7234 1.20894 25.8363 13.1559 0.767272
0058 8.000000000000000000e+04 6.473904288329098563e+03 4.000000000000000000e+00 1.62E+04 0.638702 0.246628 10.6328 17.3427 1.17581
0059 8.000000000000000000e+04 6.473904288329098563e+03 4.500000000000000000e+00 1.62E+04 0.219479 0.0670681 4.8519 22.1355 1.69455
0060 8.000000000000000000e+04 8.150200155073142014e+03 3.500000000000000000e+00 2.05E+04 2.80936 1.2554 28.7712 15.2643 0.897041
0061 8.000000000000000000e+04 8.150200155073142014e+03 4.000000000000000000e+00 2.05E+04 0.670059 0.257503 11.4875 19.2497 1.31619
0062 8.000000000000000000e+04 8.150200155073142014e+03 4.500000000000000000e+00 2.05E+04 0.225998 0.0690235 5.12581 23.7936 1.83311
0063 8.000000000000000000e+04 1.026044683521766638e+04 3.500000000000000000e+00 2.57E+04 2.89372 1.30044 31.8723 17.5886 1.04124
0064 8.000000000000000000e+04 1.026044683521766638e+04 4.000000000000000000e+00 2.58E+04 0.703775 0.268977 12.3892 21.2932 1.46703
0065 8.000000000000000000e+04 1.026044683521766638e+04 4.500000000000000000e+00 2.58E+04 0.232407 0.0709214 5.41178 25.5275 1.97758
0066 1.000000000000000000e+05 1.026044683521766501e+03 3.500000000000000000e+00 1.56E+03 2.02633 0.861079 8.73758 2.93469 0.163408
0067 1.000000000000000000e+05 1.026044683521766501e+03 4.000000000000000000e+00 1.56E+03 0.471051 0.182286 5.03434 5.87947 0.360663
0068 1.000000000000000000e+05 1.026044683521766501e+03 4.500000000000000000e+00 1.56E+03 0.185745 0.05554 2.91044 10.7793 0.750398
0069 1.000000000000000000e+05 1.291710751444522657e+03 3.500000000000000000e+00 1.96E+03 2.1083 0.899505 9.96413 3.50887 0.196334
0070 1.000000000000000000e+05 1.291710751444522657e+03 4.000000000000000000e+00 1.96E+03 0.484873 0.187215 5.47787 6.64984 0.412297
0071 1.000000000000000000e+05 1.291710751444522657e+03 4.500000000000000000e+00 1.96E+03 0.191732 0.0573339 3.08487 11.7253 0.827507
0072 1.000000000000000000e+05 1.626174978476519755e+03 3.500000000000000000e+00 2.47E+03 2.19126 0.938727 11.3203 4.17994 0.235187
0073 1.000000000000000000e+05 1.626174978476519755e+03 4.000000000000000000e+00 2.47E+03 0.500644 0.193241 5.96212 7.51603 0.470956
0074 1.000000000000000000e+05 1.626174978476519755e+03 4.500000000000000000e+00 2.47E+03 0.19665 0.0588512 3.25541 12.6796 0.906281
0075 1.000000000000000000e+05 2.047228290505137920e+03 3.500000000000000000e+00 3.11E+03 2.27485 0.978468 12.8236 4.96344 0.280956
0076 1.000000000000000000e+05 2.047228290505137920e+03 4.000000000000000000e+00 3.11E+03 0.519737 0.200493 6.47879 8.47258 0.536372
0077 1.000000000000000000e+05 2.047228290505137920e+03 4.500000000000000000e+00 3.11E+03 0.201902 0.0604911 3.4389 13.7087 0.991303
0078 1.000000000000000000e+05 2.577319587628865520e+03 3.500000000000000000e+00 3.92E+03 2.36501 1.02145 14.52 5.88701 0.335346
0079 1.000000000000000000e+05 2.577319587628865520e+03 4.000000000000000000e+00 3.92E+03 0.540846 0.208441 7.04143 9.54046 0.61004
0080 1.000000000000000000e+05 2.577319587628865520e+03 4.500000000000000000e+00 3.92E+03 0.206318 0.0619292 3.62977 14.7901 1.08093
0081 1.000000000000000000e+05 3.244638181035417347e+03 3.500000000000000000e+00 4.93E+03 2.45027 1.063 16.3481 6.9376 0.397773
0082 1.000000000000000000e+05 3.244638181035417347e+03 4.000000000000000000e+00 4.94E+03 0.564957 0.21733 7.65493 10.731 0.692699
0083 1.000000000000000000e+05 3.244638181035417347e+03 4.500000000000000000e+00 4.94E+03 0.210555 0.0633382 3.83335 15.9498 1.17684
0084 1.000000000000000000e+05 4.084748052692324109e+03 3.500000000000000000e+00 6.21E+03 2.53952 1.10712 18.3927 8.16095 0.471021
0085 1.000000000000000000e+05 4.084748052692324109e+03 4.000000000000000000e+00 6.21E+03 0.590253 0.226492 8.30554 12.0279 0.783525
0086 1.000000000000000000e+05 4.084748052692324109e+03 4.500000000000000000e+00 6.21E+03 0.215697 0.0649976 4.05174 17.1971 1.27985
0087 1.000000000000000000e+05 5.142416805961092905e+03 3.500000000000000000e+00 7.82E+03 2.61982 1.14842 20.5773 9.53424 0.553914
0088 1.000000000000000000e+05 5.142416805961092905e+03 4.000000000000000000e+00 7.82E+03 0.616433 0.235909 9.0065 13.4515 0.883952
0089 1.000000000000000000e+05 5.142416805961092905e+03 4.500000000000000000e+00 7.82E+03 0.21992 0.0664066 4.27521 18.4916 1.38675
0090 1.000000000000000000e+05 6.473904288329098563e+03 3.500000000000000000e+00 9.84E+03 2.70385 1.1925 23.0095 11.1186 0.650227
0091 1.000000000000000000e+05 6.473904288329098563e+03 4.000000000000000000e+00 9.85E+03 0.647066 0.246687 9.77227 15.0282 0.995594
0092 1.000000000000000000e+05 6.473904288329098563e+03 4.500000000000000000e+00 9.85E+03 0.224593 0.0679173 4.5104 19.8603 1.49975
0093 1.000000000000000000e+05 8.150200155073142014e+03 3.500000000000000000e+00 1.24E+04 2.78411 1.23589 25.6475 12.9066 0.759697
0094 1.000000000000000000e+05 8.150200155073142014e+03 4.000000000000000000e+00 1.24E+04 0.676952 0.25703 10.5593 16.6926 1.1141
0095 1.000000000000000000e+05 8.150200155073142014e+03 4.500000000000000000e+00 1.24E+04 0.230018 0.0696365 4.76536 21.3389 1.62121
0096 1.000000000000000000e+05 1.026044683521766638e+04 3.500000000000000000e+00 1.56E+04 2.87344 1.28155 28.5065 14.9166 0.883614
0097 1.000000000000000000e+05 1.026044683521766638e+04 4.000000000000000000e+00 1.56E+04 0.710605 0.268497 11.4114 18.5134 1.24412
0098 1.000000000000000000e+05 1.026044683521766638e+04 4.500000000000000000e+00 1.56E+04 0.235299 0.0712638 5.0201 22.8301 1.74382
0099 1.200000000000000000e+05 1.026044683521766501e+03 3.500000000000000000e+00 1.07E+03 2.04992 0.868068 8.31295 2.74345 0.154854
0100 1.200000000000000000e+05 1.026044683521766501e+03 4.000000000000000000e+00 1.07E+03 0.484595 0.185587 4.92537 5.60137 0.342927
0101 1.200000000000000000e+05 1.026044683521766501e+03 4.500000000000000000e+00 1.07E+03 0.191839 0.0568878 2.90411 10.9318 0.745589
0102 1.200000000000000000e+05 1.291710751444522657e+03 3.500000000000000000e+00 1.35E+03 2.13339 0.906691 9.47129 3.26639 0.185132
0103 1.200000000000000000e+05 1.291710751444522657e+03 4.000000000000000000e+00 1.35E+03 0.498305 0.190468 5.34596 6.29193 0.389313
0104 1.200000000000000000e+05 1.291710751444522657e+03 4.500000000000000000e+00 1.35E+03 0.197872 0.058696 3.07246 11.783 0.815515
0105 1.200000000000000000e+05 1.626174978476519755e+03 3.500000000000000000e+00 1.70E+03 2.21822 0.946077 10.7617 3.88246 0.221116
0106 1.200000000000000000e+05 1.626174978476519755e+03 4.000000000000000000e+00 1.70E+03 0.515539 0.196922 5.80408 7.07405 0.442323
0107 1.200000000000000000e+05 1.626174978476519755e+03 4.500000000000000000e+00 1.70E+03 0.203183 0.0603377 3.24219 12.6494 0.888025
0108 1.200000000000000000e+05 2.047228290505137920e+03 3.500000000000000000e+00 2.14E+03 2.30961 0.988564 12.219 4.61279 0.264121
0109 1.200000000000000000e+05 2.047228290505137920e+03 4.000000000000000000e+00 2.14E+03 0.534937 0.204343 6.30476 7.95949 0.502824
0110 1.200000000000000000e+05 2.047228290505137920e+03 4.500000000000000000e+00 2.14E+03 0.208278 0.0619573 3.41468 13.5444 0.963992
0111 1.200000000000000000e+05 2.577319587628865520e+03 3.500000000000000000e+00 2.69E+03 2.39902 1.03059 13.8031 5.45212 0.313959
0112 1.200000000000000000e+05 2.577319587628865520e+03 4.000000000000000000e+00 2.70E+03 0.557619 0.212769 6.84113 8.9423 0.57051
0113 1.200000000000000000e+05 2.577319587628865520e+03 4.500000000000000000e+00 2.70E+03 0.21278 0.0634288 3.59185 14.4831 1.04423
0114 1.200000000000000000e+05 3.244638181035417347e+03 3.500000000000000000e+00 3.39E+03 2.49178 1.07471 15.5824 6.4372 0.372914
0115 1.200000000000000000e+05 3.244638181035417347e+03 4.000000000000000000e+00 3.39E+03 0.582914 0.222014 7.42874 10.0454 0.646943
0116 1.200000000000000000e+05 3.244638181035417347e+03 4.500000000000000000e+00 3.39E+03 0.2172 0.0649007 3.77782 15.4864 1.13013
0117 1.200000000000000000e+05 4.084748052692324109e+03 3.500000000000000000e+00 4.27E+03 2.58593 1.12013 17.5404 7.57207 0.441315
0118 1.200000000000000000e+05 4.084748052692324109e+03 4.000000000000000000e+00 4.27E+03 0.610168 0.231754 8.05539 11.2548 0.731214
0119 1.200000000000000000e+05 4.084748052692324109e+03 4.500000000000000000e+00 4.27E+03 0.222101 0.0665283 3.97486 16.57 1.22294
0120 1.200000000000000000e+05 5.142416805961092905e+03 3.500000000000000000e+00 5.38E+03 2.67619 1.16504 19.6878 8.87299 0.52032
0121 1.200000000000000000e+05 5.142416805961092905e+03 4.000000000000000000e+00 5.38E+03 0.638971 0.241959 8.73863 12.595 0.825054
0122 1.200000000000000000e+05 5.142416805961092905e+03 4.500000000000000000e+00 5.38E+03 0.226705 0.0680516 4.17832 17.7157 1.32038
0123 1.200000000000000000e+05 6.473904288329098563e+03 3.500000000000000000e+00 6.77E+03 2.76701 1.2111 22.0314 10.3542 0.61088
0124 1.200000000000000000e+05 6.473904288329098563e+03 4.000000000000000000e+00 6.77E+03 0.670463 0.252856 9.4631 14.05 0.927441
0125 1.200000000000000000e+05 6.473904288329098563e+03 4.500000000000000000e+00 6.77E+03 0.231881 0.0697316 4.40376 18.9855 1.42695
0126 1.200000000000000000e+05 8.150200155073142014e+03 3.500000000000000000e+00 8.52E+03 2.85364 1.25652 24.5902 12.0358 0.714394
0127 1.200000000000000000e+05 8.150200155073142014e+03 4.000000000000000000e+00 8.52E+03 0.705273 0.264749 10.2536 15.6571 1.04078
0128 1.200000000000000000e+05 8.150200155073142014e+03 4.500000000000000000e+00 8.52E+03 0.237431 0.0714759 4.63241 20.2963 1.53621
0129 1.200000000000000000e+05 1.026044683521766638e+04 3.500000000000000000e+00 1.07E+04 2.95087 1.30484 27.3683 13.9322 0.831864
0130 1.200000000000000000e+05 1.026044683521766638e+04 4.000000000000000000e+00 1.07E+04 0.740942 0.276739 11.0865 17.3831 1.16288
0131 1.200000000000000000e+05 1.026044683521766638e+04 4.500000000000000000e+00 1.07E+04 0.244211 0.0735263 4.88712 21.7427 1.65538
0132 1.400000000000000000e+05 1.026044683521766501e+03 3.500000000000000000e+00 7.15E+02 2.07451 0.875535 8.22728 3.00736 0.177968
0133 1.400000000000000000e+05 1.026044683521766501e+03 4.000000000000000000e+00 7.15E+02 0.49704 0.188987 4.97914 6.22856 0.378548
0134 1.400000000000000000e+05 1.026044683521766501e+03 4.500000000000000000e+00 7.15E+02 0.198683 0.0584601 2.97267 12.4869 0.803473
0135 1.400000000000000000e+05 1.291710751444522657e+03 3.500000000000000000e+00 9.00E+02 2.165 0.916649 9.39872 3.50316 0.206559
0136 1.400000000000000000e+05 1.291710751444522657e+03 4.000000000000000000e+00 9.00E+02 0.511783 0.194249 5.41229 6.84999 0.419979
0137 1.400000000000000000e+05 1.291710751444522657e+03 4.500000000000000000e+00 9.00E+02 0.204458 0.060236 3.14558 13.4006 0.871755
0138 1.400000000000000000e+05 1.626174978476519755e+03 3.500000000000000000e+00 1.13E+03 2.25723 0.958684 10.7003 4.08706 0.24055
0139 1.400000000000000000e+05 1.626174978476519755e+03 4.000000000000000000e+00 1.13E+03 0.53032 0.201141 5.87636 7.53217 0.466159
0140 1.400000000000000000e+05 1.626174978476519755e+03 4.500000000000000000e+00 1.13E+03 0.209426 0.0618362 3.32192 14.3126 0.941866
0141 1.400000000000000000e+05 2.047228290505137920e+03 3.500000000000000000e+00 1.43E+03 2.35463 1.00309 12.1544 4.77561 0.281046
0142 1.400000000000000000e+05 2.047228290505137920e+03 4.000000000000000000e+00 1.43E+03 0.551584 0.209041 6.36471 8.2751 0.51724
0143 1.400000000000000000e+05 2.047228290505137920e+03 4.500000000000000000e+00 1.43E+03 0.214149 0.0633977 3.49739 15.2059 1.0129
0144 1.400000000000000000e+05 2.577319587628865520e+03 3.500000000000000000e+00 1.80E+03 2.45065 1.0473 13.7544 5.57284 0.328313
0145 1.400000000000000000e+05 2.577319587628865520e+03 4.000000000000000000e+00 1.80E+03 0.577343 0.218482 6.90833 9.1303 0.576566
0146 1.400000000000000000e+05 2.577319587628865520e+03 4.500000000000000000e+00 1.80E+03 0.219325 0.0651031 3.67935 16.112 1.08755
0147 1.400000000000000000e+05 3.244638181035417347e+03 3.500000000000000000e+00 2.26E+03 2.55542 1.09569 15.563 6.51614 0.384723
0148 1.400000000000000000e+05 3.244638181035417347e+03 4.000000000000000000e+00 2.26E+03 0.606033 0.228812 7.49916 10.1029 0.644617
0149 1.400000000000000000e+05 3.244638181035417347e+03 4.500000000000000000e+00 2.26E+03 0.224318 0.066775 3.86777 17.0262 1.16608
0150 1.400000000000000000e+05 4.084748052692324109e+03 3.500000000000000000e+00 2.85E+03 2.65298 1.14174 17.5113 7.58711 0.449335
0151 1.400000000000000000e+05 4.084748052692324109e+03 4.000000000000000000e+00 2.85E+03 0.635885 0.239271 8.10653 11.1595 0.719238
0152 1.400000000000000000e+05 4.084748052692324109e+03 4.500000000000000000e+00 2.85E+03 0.229348 0.0684356 4.05515 17.9095 1.24614
0153 1.400000000000000000e+05 5.142416805961092905e+03 3.500000000000000000e+00 3.58E+03 2.75479 1.19068 19.6954 8.838 0.525374
0154 1.400000000000000000e+05 5.142416805961092905e+03 4.000000000000000000e+00 3.58E+03 0.669685 0.25099 8.78402 12.3813 0.805898
0155 1.400000000000000000e+05 5.142416805961092905e+03 4.500000000000000000e+00 3.58E+03 0.235175 0.0703306 4.26184 18.8521 1.33416
0156 1.400000000000000000e+05 6.473904288329098563e+03 3.500000000000000000e+00 4.51E+03 2.85609 1.24051 22.0938 10.2738 0.613335
0157 1.400000000000000000e+05 6.473904288329098563e+03 4.000000000000000000e+00 4.51E+03 0.705109 0.263022 9.5018 13.7298 0.902095
0158 1.400000000000000000e+05 6.473904288329098563e+03 4.500000000000000000e+00 4.51E+03 0.241522 0.0723212 4.47341 19.7952 1.42607
0159 1.400000000000000000e+05 8.150200155073142014e+03 3.500000000000000000e+00 5.68E+03 2.95525 1.29053 24.7157 11.9113 0.714436
0160 1.400000000000000000e+05 8.150200155073142014e+03 4.000000000000000000e+00 5.68E+03 0.741564 0.275219 10.2626 15.2121 1.00816
0161 1.400000000000000000e+05 8.150200155073142014e+03 4.500000000000000000e+00 5.68E+03 0.248605 0.0744608 4.68964 20.7588 1.52252
0162 1.400000000000000000e+05 1.026044683521766638e+04 3.500000000000000000e+00 7.15E+03 3.06101 1.34228 27.5655 13.7666 0.829833
0163 1.400000000000000000e+05 1.026044683521766638e+04 4.000000000000000000e+00 7.15E+03 0.782293 0.288675 11.0991 16.8767 1.12738
0164 1.400000000000000000e+05 1.026044683521766638e+04 4.500000000000000000e+00 7.15E+03 0.256246 0.0766865 4.91302 21.802 1.62538
0165 1.600000000000000000e+05 1.026044683521766501e+03 3.500000000000000000e+00 4.82E+02 2.09416 0.882212 8.7868 4.88252 0.319524
0166 1.600000000000000000e+05 1.026044683521766501e+03 4.000000000000000000e+00 4.82E+02 0.510781 0.192849 5.28406 8.3422 0.502973
0167 1.600000000000000000e+05 1.026044683521766501e+03 4.500000000000000000e+00 4.82E+02 0.206214 0.0601786 3.17204 15.4641 0.928715
0168 1.600000000000000000e+05 1.291710751444522657e+03 3.500000000000000000e+00 6.06E+02 2.18604 0.923619 10.0708 5.67212 0.370462
0169 1.600000000000000000e+05 1.291710751444522657e+03 4.000000000000000000e+00 6.06E+02 0.524082 0.19775 5.76273 9.25091 0.561417
0170 1.600000000000000000e+05 1.291710751444522657e+03 4.500000000000000000e+00 6.06E+02 0.211729 0.0618981 3.36459 16.7336 1.00971
0171 1.600000000000000000e+05 1.626174978476519755e+03 3.500000000000000000e+00 7.63E+02 2.28692 0.968818 11.5265 6.60403 0.430726
0172 1.600000000000000000e+05 1.626174978476519755e+03 4.000000000000000000e+00 7.63E+02 0.542201 0.204496 6.28062 10.2586 0.626597
0173 1.600000000000000000e+05 1.626174978476519755e+03 4.500000000000000000e+00 7.63E+02 0.216382 0.0634501 3.56503 18.0649 1.09426
0174 1.600000000000000000e+05 2.047228290505137920e+03 3.500000000000000000e+00 9.61E+02 2.3829 1.0122 13.1127 7.66509 0.499588
0175 1.600000000000000000e+05 2.047228290505137920e+03 4.000000000000000000e+00 9.61E+02 0.564314 0.212754 6.84523 11.3839 0.69972
0176 1.600000000000000000e+05 2.047228290505137920e+03 4.500000000000000000e+00 9.61E+02 0.220426 0.0648684 3.76553 19.4085 1.17999
0177 1.600000000000000000e+05 2.577319587628865520e+03 3.500000000000000000e+00 1.21E+03 2.49106 1.06103 14.9532 8.93527 0.582194
0178 1.600000000000000000e+05 2.577319587628865520e+03 4.000000000000000000e+00 1.21E+03 0.591452 0.222678 7.47527 12.6613 0.78316
0179 1.600000000000000000e+05 2.577319587628865520e+03 4.500000000000000000e+00 1.21E+03 0.225215 0.0665137 3.97919 20.8275 1.27161
0180 1.600000000000000000e+05 3.244638181035417347e+03 3.500000000000000000e+00 1.52E+03 2.59518 1.10881 16.9749 10.3911 0.677242
0181 1.600000000000000000e+05 3.244638181035417347e+03 4.000000000000000000e+00 1.52E+03 0.621053 0.233227 8.14684 14.0581 0.874898
0182 1.600000000000000000e+05 3.244638181035417347e+03 4.500000000000000000e+00 1.52E+03 0.230318 0.0682756 4.2108 22.3346 1.37071
0183 1.600000000000000000e+05 4.084748052692324109e+03 3.500000000000000000e+00 1.92E+03 2.69983 1.15726 19.2141 12.0602 0.786527
0184 1.600000000000000000e+05 4.084748052692324109e+03 4.000000000000000000e+00 1.92E+03 0.653122 0.244481 8.88549 15.6251 0.978376
0185 1.600000000000000000e+05 4.084748052692324109e+03 4.500000000000000000e+00 1.92E+03 0.235173 0.0699553 4.44395 23.8374 1.47221
0186 1.600000000000000000e+05 5.142416805961092905e+03 3.500000000000000000e+00 2.41E+03 2.80905 1.20892 21.7505 14.0164 0.915073
0187 1.600000000000000000e+05 5.142416805961092905e+03 4.000000000000000000e+00 2.41E+03 0.687522 0.256276 9.66827 17.3283 1.09154
0188 1.600000000000000000e+05 5.142416805961092905e+03 4.500000000000000000e+00 2.41E+03 0.240616 0.0717593 4.68647 25.3739 1.57882
0189 1.600000000000000000e+05 6.473904288329098563e+03 3.500000000000000000e+00 3.04E+03 2.91681 1.26104 24.5397 16.2425 1.06173
0190 1.600000000000000000e+05 6.473904288329098563e+03 4.000000000000000000e+00 3.04E+03 0.724788 0.268884 10.5242 19.2278 1.21829
0191 1.600000000000000000e+05 6.473904288329098563e+03 4.500000000000000000e+00 3.04E+03 0.247449 0.0739028 4.95246 27.0109 1.69496
0192 1.600000000000000000e+05 8.150200155073142014e+03 3.500000000000000000e+00 3.82E+03 3.02267 1.31356 27.6151 18.7802 1.22948
0193 1.600000000000000000e+05 8.150200155073142014e+03 4.000000000000000000e+00 3.83E+03 0.765481 0.282513 11.4686 21.3637 1.3614
0194 1.600000000000000000e+05 8.150200155073142014e+03 4.500000000000000000e+00 3.83E+03 0.254689 0.0760699 5.21376 28.5942 1.81115
0195 1.600000000000000000e+05 1.026044683521766638e+04 3.500000000000000000e+00 4.81E+03 3.13382 1.36768 30.983 21.6524 1.41994
0196 1.600000000000000000e+05 1.026044683521766638e+04 4.000000000000000000e+00 4.82E+03 0.809328 0.296808 12.4703 23.6841 1.51765
0197 1.600000000000000000e+05 1.026044683521766638e+04 4.500000000000000000e+00 4.82E+03 0.263394 0.0785714 5.49536 30.2596 1.93557
0198 1.800000000000000000e+05 1.026044683521766501e+03 3.500000000000000000e+00 3.46E+02 2.11235 0.889045 9.04317 6.08736 0.411155
0199 1.800000000000000000e+05 1.026044683521766501e+03 4.000000000000000000e+00 3.46E+02 0.522674 0.19619 5.41336 9.50628 0.571937
0200 1.800000000000000000e+05 1.026044683521766501e+03 4.500000000000000000e+00 3.46E+02 0.212844 0.0616502 3.26286 17.0162 1.00062
0201 1.800000000000000000e+05 1.291710751444522657e+03 3.500000000000000000e+00 4.35E+02 2.20451 0.930327 10.3699 7.06559 0.476871
0202 1.800000000000000000e+05 1.291710751444522657e+03 4.000000000000000000e+00 4.35E+02 0.536008 0.201097 5.89986 10.5146 0.636588
0203 1.800000000000000000e+05 1.291710751444522657e+03 4.500000000000000000e+00 4.35E+02 0.218403 0.0633777 3.4581 18.3478 1.08406
0204 1.800000000000000000e+05 1.626174978476519755e+03 3.500000000000000000e+00 5.48E+02 2.29938 0.972894 11.8631 8.20605 0.553627
0205 1.800000000000000000e+05 1.626174978476519755e+03 4.000000000000000000e+00 5.48E+02 0.552745 0.207474 6.42907 11.6339 0.708754
0206 1.800000000000000000e+05 1.626174978476519755e+03 4.500000000000000000e+00 5.48E+02 0.223342 0.06504 3.66784 19.7788 1.17245
0207 1.800000000000000000e+05 2.047228290505137920e+03 3.500000000000000000e+00 6.90E+02 2.40461 1.01991 13.5693 9.55804 0.644898
0208 1.800000000000000000e+05 2.047228290505137920e+03 4.000000000000000000e+00 6.90E+02 0.574682 0.21572 7.00874 12.8983 0.790582
0209 1.800000000000000000e+05 2.047228290505137920e+03 4.500000000000000000e+00 6.90E+02 0.227254 0.0664545 3.87181 21.2038 1.26008
0210 1.800000000000000000e+05 2.577319587628865520e+03 3.500000000000000000e+00 8.68E+02 2.51057 1.06766 15.484 11.1292 0.751175
0211 1.800000000000000000e+05 2.577319587628865520e+03 4.000000000000000000e+00 8.68E+02 0.60024 0.225158 7.64697 14.3234 0.883169
0212 1.800000000000000000e+05 2.577319587628865520e+03 4.500000000000000000e+00 8.68E+02 0.230811 0.0678094 4.08616 22.7157 1.35354
0213 1.800000000000000000e+05 3.244638181035417347e+03 3.500000000000000000e+00 1.09E+03 2.61986 1.11721 17.6338 12.9576 0.875152
0214 1.800000000000000000e+05 3.244638181035417347e+03 4.000000000000000000e+00 1.09E+03 0.630365 0.235934 8.35509 15.9455 0.988896
0215 1.800000000000000000e+05 3.244638181035417347e+03 4.500000000000000000e+00 1.09E+03 0.23502 0.069371 4.31148 24.3028 1.4527
0216 1.800000000000000000e+05 4.084748052692324109e+03 3.500000000000000000e+00 1.38E+03 2.72769 1.16685 20.0191 15.0586 1.01799
0217 1.800000000000000000e+05 4.084748052692324109e+03 4.000000000000000000e+00 1.38E+03 0.662637 0.247313 9.13045 17.7683 1.10828
0218 1.800000000000000000e+05 4.084748052692324109e+03 4.500000000000000000e+00 1.38E+03 0.239324 0.07094 4.5479 25.9674 1.55871
0219 1.800000000000000000e+05 5.142416805961092905e+03 3.500000000000000000e+00 1.73E+03 2.83732 1.21826 22.6901 17.495 1.18425
0220 1.800000000000000000e+05 5.142416805961092905e+03 4.000000000000000000e+00 1.73E+03 0.698865 0.259678 9.96339 19.7917 1.24123
0221 1.800000000000000000e+05 5.142416805961092905e+03 4.500000000000000000e+00 1.73E+03 0.244725 0.0727695 4.80196 27.7369 1.67361
0222 1.800000000000000000e+05 6.473904288329098563e+03 3.500000000000000000e+00 2.18E+03 2.9501 1.27225 25.6884 20.3216 1.3775
0223 1.800000000000000000e+05 6.473904288329098563e+03 4.000000000000000000e+00 2.18E+03 0.737512 0.272764 10.8868 22.091 1.3926
0224 1.800000000000000000e+05 6.473904288329098563e+03 4.500000000000000000e+00 2.18E+03 0.2512 0.0748436 5.07369 29.6058 1.7975
0225 1.800000000000000000e+05 8.150200155073142014e+03 3.500000000000000000e+00 2.74E+03 3.05308 1.32325 28.9343 23.4905 1.59465
0226 1.800000000000000000e+05 8.150200155073142014e+03 4.000000000000000000e+00 2.75E+03 0.777194 0.285936 11.8675 24.6084 1.55906
0227 1.800000000000000000e+05 8.150200155073142014e+03 4.500000000000000000e+00 2.75E+03 0.259316 0.0772843 5.37141 31.6223 1.93323
0228 1.800000000000000000e+05 1.026044683521766638e+04 3.500000000000000000e+00 3.46E+03 3.17195 1.38046 32.5942 27.1738 1.84787
0229 1.800000000000000000e+05 1.026044683521766638e+04 4.000000000000000000e+00 3.46E+03 0.822327 0.300658 12.9504 27.4537 1.74772
0230 1.800000000000000000e+05 1.026044683521766638e+04 4.500000000000000000e+00 3.46E+03 0.267266 0.0795701 5.66464 33.5995 2.06938
