0000 6.000000000000000000e+04 1.026044683521766501e+03 3.500000000000000000e+00 4.90E+03 2.50016 0.98549 17.9837 4.99567 0.277429
0001 6.000000000000000000e+04 1.026044683521766501e+03 4.000000000000000000e+00 4.90E+03 0.849073 0.27894 10.045 11.0226 0.730473
0002 6.000000000000000000e+04 1.026044683521766501e+03 4.500000000000000000e+00 4.90E+03 0.333941 0.0924603 6.14519 18.6796 1.27742
0003 6.000000000000000000e+04 1.291710751444522657e+03 3.500000000000000000e+00 6.17E+03 2.66931 1.05057 20.7012 6.12252 0.345394
0004 6.000000000000000000e+04 1.291710751444522657e+03 4.000000000000000000e+00 6.17E+03 0.89955 0.294034 11.114 12.7247 0.858786
0005 6.000000000000000000e+04 1.291710751444522657e+03 4.500000000000000000e+00 6.17E+03 0.34804 0.0960771 6.67239 20.8597 1.45167
0006 6.000000000000000000e+04 1.626174978476519755e+03 3.500000000000000000e+00 7.77E+03 2.85111 1.11963 23.7307 7.45688 0.427326
0007 6.000000000000000000e+04 1.626174978476519755e+03 4.000000000000000000e+00 7.77E+03 0.952766 0.309848 12.2667 14.6189 1.004
0008 6.000000000000000000e+04 1.626174978476519755e+03 4.500000000000000000e+00 7.77E+03 0.361724 0.099583 7.21687 23.1443 1.63766
0009 6.000000000000000000e+04 2.047228290505137920e+03 3.500000000000000000e+00 9.78E+03 3.04519 1.19245 27.0908 9.02448 0.525203
0010 6.000000000000000000e+04 2.047228290505137920e+03 4.000000000000000000e+00 9.78E+03 1.01128 0.327186 13.5436 16.7604 1.17028
0011 6.000000000000000000e+04 2.047228290505137920e+03 4.500000000000000000e+00 9.78E+03 0.375498 0.103112 7.78731 25.5623 1.83734
0012 6.000000000000000000e+04 2.577319587628865520e+03 3.500000000000000000e+00 1.23E+04 3.25404 1.26992 30.8209 10.8579 0.641567
0013 6.000000000000000000e+04 2.577319587628865520e+03 4.000000000000000000e+00 1.23E+04 1.07102 0.344703 14.8912 19.0909 1.354
0014 6.000000000000000000e+04 2.577319587628865520e+03 4.500000000000000000e+00 1.23E+04 0.38995 0.106826 8.39662 28.1546 2.05348
0015 6.000000000000000000e+04 3.244638181035417347e+03 3.500000000000000000e+00 1.55E+04 3.4865 1.3555 35.0325 13.0221 0.780833
0016 6.000000000000000000e+04 3.244638181035417347e+03 4.000000000000000000e+00 1.55E+04 1.13587 0.363686 16.3622 21.6849 1.56085
0017 6.000000000000000000e+04 3.244638181035417347e+03 4.500000000000000000e+00 1.55E+04 0.404486 0.110552 9.0321 30.8765 2.28257
0018 6.000000000000000000e+04 4.084748052692324109e+03 3.500000000000000000e+00 1.95E+04 3.7263 1.44252 39.5862 15.4857 0.941935
0019 6.000000000000000000e+04 4.084748052692324109e+03 4.000000000000000000e+00 1.95E+04 1.20352 0.383362 17.9379 24.517 1.78898
0020 6.000000000000000000e+04 4.084748052692324109e+03 4.500000000000000000e+00 1.95E+04 0.41887 0.114212 9.68409 33.6955 2.52211
0021 6.000000000000000000e+04 5.142416805961092905e+03 3.500000000000000000e+00 2.46E+04 3.99154 1.53825 44.6943 18.3591 1.13219
0022 6.000000000000000000e+04 5.142416805961092905e+03 4.000000000000000000e+00 2.46E+04 1.27571 0.404289 19.6304 27.6161 2.04113
0023 6.000000000000000000e+04 5.142416805961092905e+03 4.500000000000000000e+00 2.46E+04 0.434085 0.118085 10.3729 36.6754 2.77618
0024 6.000000000000000000e+04 6.473904288329098563e+03 3.500000000000000000e+00 3.09E+04 4.2642 1.63538 50.1804 21.5913 1.34923
0025 6.000000000000000000e+04 6.473904288329098563e+03 4.000000000000000000e+00 3.09E+04 1.35076 0.425915 21.4286 30.9608 2.31542
0026 6.000000000000000000e+04 6.473904288329098563e+03 4.500000000000000000e+00 3.09E+04 0.451025 0.122395 11.119 39.8909 3.05033
0027 6.000000000000000000e+04 8.150200155073142014e+03 3.500000000000000000e+00 3.89E+04 4.56297 1.74131 56.2909 25.3082 1.60179
0028 6.000000000000000000e+04 8.150200155073142014e+03 4.000000000000000000e+00 3.89E+04 1.43192 0.44924 23.3854 34.6288 2.6182
0029 6.000000000000000000e+04 8.150200155073142014e+03 4.500000000000000000e+00 3.89E+04 0.467062 0.126426 11.8583 43.1035 3.32547
0030 6.000000000000000000e+04 1.026044683521766638e+04 3.500000000000000000e+00 4.90E+04 4.86924 1.84857 62.8074 29.4365 1.88577
0031 6.000000000000000000e+04 1.026044683521766638e+04 4.000000000000000000e+00 4.90E+04 1.51309 0.472367 25.4004 38.4765 2.93816
0032 6.000000000000000000e+04 1.026044683521766638e+04 4.500000000000000000e+00 4.90E+04 0.485363 0.131034 12.6626 46.5734 3.62155
0033 8.000000000000000000e+04 1.026044683521766501e+03 3.500000000000000000e+00 2.57E+03 2.38914 0.936565 14.2848 3.52891 0.193583
0034 8.000000000000000000e+04 1.026044683521766501e+03 4.000000000000000000e+00 2.58E+03 0.834127 0.272866 8.52948 8.54381 0.544482
0035 8.000000000000000000e+04 1.026044683521766501e+03 4.500000000000000000e+00 2.58E+03 0.341369 0.093698 5.44479 15.883 1.06962
0036 8.000000000000000000e+04 1.291710751444522657e+03 3.500000000000000000e+00 3.24E+03 2.54202 0.995734 16.5585 4.32918 0.240127
0037 8.000000000000000000e+04 1.291710751444522657e+03 4.000000000000000000e+00 3.24E+03 0.876518 0.285641 9.45332 9.85845 0.638657
0038 8.000000000000000000e+04 1.291710751444522657e+03 4.500000000000000000e+00 3.24E+03 0.354198 0.0969973 5.90351 17.7199 1.21079
0039 8.000000000000000000e+04 1.626174978476519755e+03 3.500000000000000000e+00 4.08E+03 2.69966 1.05603 19.076 5.2736 0.295988
0040 8.000000000000000000e+04 1.626174978476519755e+03 4.000000000000000000e+00 4.08E+03 0.923296 0.299704 10.4816 11.3611 0.747892
0041 8.000000000000000000e+04 1.626174978476519755e+03 4.500000000000000000e+00 4.08E+03 0.366329 0.100119 6.37874 19.646 1.36132
0042 8.000000000000000000e+04 2.047228290505137920e+03 3.500000000000000000e+00 5.14E+03 2.87628 1.12282 21.9469 6.4078 0.364093
0043 8.000000000000000000e+04 2.047228290505137920e+03 4.000000000000000000e+00 5.14E+03 0.96985 0.313559 11.5742 13.0126 0.869733
0044 8.000000000000000000e+04 2.047228290505137920e+03 4.500000000000000000e+00 5.14E+03 0.377618 0.103034 6.87005 21.6585 1.52086
0045 8.000000000000000000e+04 2.577319587628865520e+03 3.500000000000000000e+00 6.47E+03 3.06597 1.19389 25.1605 7.74634 0.445762
0046 8.000000000000000000e+04 2.577319587628865520e+03 4.000000000000000000e+00 6.47E+03 1.02145 0.328905 12.7896 14.8868 1.00975
0047 8.000000000000000000e+04 2.577319587628865520e+03 4.500000000000000000e+00 6.47E+03 0.388901 0.105966 7.39073 23.7982 1.69252
0048 8.000000000000000000e+04 3.244638181035417347e+03 3.500000000000000000e+00 8.14E+03 3.26833 1.26894 28.7335 9.31385 0.542778
0049 8.000000000000000000e+04 3.244638181035417347e+03 4.000000000000000000e+00 8.14E+03 1.07329 0.344165 14.0704 16.9242 1.1639
0050 8.000000000000000000e+04 3.244638181035417347e+03 4.500000000000000000e+00 8.14E+03 0.400198 0.108921 7.94263 26.0711 1.87654
0051 8.000000000000000000e+04 4.084748052692324109e+03 3.500000000000000000e+00 1.03E+04 3.48471 1.34841 32.7003 11.1383 0.657278
0052 8.000000000000000000e+04 4.084748052692324109e+03 4.000000000000000000e+00 1.03E+04 1.13102 0.361144 15.4909 19.2148 1.33879
0053 8.000000000000000000e+04 4.084748052692324109e+03 4.500000000000000000e+00 1.03E+04 0.411531 0.111884 8.52329 28.4722 2.07267
0054 8.000000000000000000e+04 5.142416805961092905e+03 3.500000000000000000e+00 1.29E+04 3.71389 1.43182 37.0767 13.2446 0.791243
0055 8.000000000000000000e+04 5.142416805961092905e+03 4.000000000000000000e+00 1.29E+04 1.19065 0.378563 17.001 21.7023 1.53069
0056 8.000000000000000000e+04 5.142416805961092905e+03 4.500000000000000000e+00 1.29E+04 0.4232 0.114933 9.13464 31.0039 2.28089
0057 8.000000000000000000e+04 6.473904288329098563e+03 3.500000000000000000e+00 1.62E+04 3.96657 1.52316 41.9922 15.6999 0.949196
0058 8.000000000000000000e+04 6.473904288329098563e+03 4.000000000000000000e+00 1.62E+04 1.25567 0.397528 18.6452 24.4485 1.74417
0059 8.000000000000000000e+04 6.473904288329098563e+03 4.500000000000000000e+00 1.62E+04 0.434895 0.11798 9.76743 33.6357 2.49861
0060 8.000000000000000000e+04 8.150200155073142014e+03 3.500000000000000000e+00 2.05E+04 4.22437 1.61529 47.2843 18.4633 1.12928
0061 8.000000000000000000e+04 8.150200155073142014e+03 4.000000000000000000e+00 2.05E+04 1.3259 0.417943 20.43 27.4636 1.97965
0062 8.000000000000000000e+04 8.150200155073142014e+03 4.500000000000000000e+00 2.05E+04 0.447646 0.121297 10.4426 36.4311 2.73017
0063 8.000000000000000000e+04 1.026044683521766638e+04 3.500000000000000000e+00 2.57E+04 4.50837 1.71623 53.1917 21.6454 1.33878
0064 8.000000000000000000e+04 1.026044683521766638e+04 4.000000000000000000e+00 2.58E+04 1.39675 0.438355 22.2829 30.6457 2.23029
0065 8.000000000000000000e+04 1.026044683521766638e+04 4.500000000000000000e+00 2.58E+04 0.460606 0.124628 11.1312 39.2923 2.96799
0066 1.000000000000000000e+05 1.026044683521766501e+03 3.500000000000000000e+00 1.56E+03 2.38256 0.929367 12.3052 2.86857 0.158644
0067 1.000000000000000000e+05 1.026044683521766501e+03 4.000000000000000000e+00 1.56E+03 0.847001 0.275498 7.69844 7.25721 0.455062
0068 1.000000000000000000e+05 1.026044683521766501e+03 4.500000000000000000e+00 1.56E+03 0.35133 0.0957045 5.08476 14.3796 0.968549
0069 1.000000000000000000e+05 1.291710751444522657e+03 3.500000000000000000e+00 1.96E+03 2.52705 0.985191 14.3117 3.50496 0.195442
0070 1.000000000000000000e+05 1.291710751444522657e+03 4.000000000000000000e+00 1.96E+03 0.886058 0.287313 8.5375 8.35607 0.531968
0071 1.000000000000000000e+05 1.291710751444522657e+03 4.500000000000000000e+00 1.96E+03 0.364045 0.0989595 5.49623 16.0013 1.09108
0072 1.000000000000000000e+05 1.626174978476519755e+03 3.500000000000000000e+00 2.47E+03 2.68224 1.04454 16.5849 4.2695 0.240273
0073 1.000000000000000000e+05 1.626174978476519755e+03 4.000000000000000000e+00 2.47E+03 0.927952 0.299974 9.47174 9.61319 0.621098
0074 1.000000000000000000e+05 1.626174978476519755e+03 4.500000000000000000e+00 2.47E+03 0.375441 0.101896 5.91855 17.6822 1.21985
0075 1.000000000000000000e+05 2.047228290505137920e+03 3.500000000000000000e+00 3.11E+03 2.85345 1.10933 19.1802 5.19061 0.295025
0076 1.000000000000000000e+05 2.047228290505137920e+03 4.000000000000000000e+00 3.11E+03 0.9711 0.312967 10.4956 11.0298 0.722934
0077 1.000000000000000000e+05 2.047228290505137920e+03 4.500000000000000000e+00 3.11E+03 0.386864 0.104877 6.37371 19.494 1.36012
0078 1.000000000000000000e+05 2.577319587628865520e+03 3.500000000000000000e+00 3.92E+03 3.03954 1.17907 22.1073 6.28574 0.36095
0079 1.000000000000000000e+05 2.577319587628865520e+03 4.000000000000000000e+00 3.92E+03 1.01651 0.326528 11.6084 12.6149 0.838445
0080 1.000000000000000000e+05 2.577319587628865520e+03 4.500000000000000000e+00 3.92E+03 0.396726 0.107473 6.83931 21.3641 1.50677
0081 1.000000000000000000e+05 3.244638181035417347e+03 3.500000000000000000e+00 4.93E+03 3.22925 1.24936 25.3176 7.55607 0.43854
0082 1.000000000000000000e+05 3.244638181035417347e+03 4.000000000000000000e+00 4.94E+03 1.06547 0.341085 12.8302 14.3958 0.969623
0083 1.000000000000000000e+05 3.244638181035417347e+03 4.500000000000000000e+00 4.94E+03 0.405877 0.109907 7.33059 23.3358 1.66279
0084 1.000000000000000000e+05 4.084748052692324109e+03 3.500000000000000000e+00 6.21E+03 3.44036 1.32704 28.9549 9.05949 0.531567
0085 1.000000000000000000e+05 4.084748052692324109e+03 4.000000000000000000e+00 6.21E+03 1.11902 0.356979 14.1778 16.397 1.1184
0086 1.000000000000000000e+05 4.084748052692324109e+03 4.500000000000000000e+00 6.21E+03 0.415275 0.112431 7.85884 25.454 1.83186
0087 1.000000000000000000e+05 5.142416805961092905e+03 3.500000000000000000e+00 7.82E+03 3.66503 1.40896 32.994 10.8065 0.641047
0088 1.000000000000000000e+05 5.142416805961092905e+03 4.000000000000000000e+00 7.82E+03 1.17269 0.372759 15.5977 18.5596 1.28103
0089 1.000000000000000000e+05 5.142416805961092905e+03 4.500000000000000000e+00 7.82E+03 0.425191 0.115104 8.43092 27.7374 2.0151
0090 1.000000000000000000e+05 6.473904288329098563e+03 3.500000000000000000e+00 9.85E+03 3.90252 1.49484 37.4544 12.8208 0.768827
0091 1.000000000000000000e+05 6.473904288329098563e+03 4.000000000000000000e+00 9.85E+03 1.23309 0.390467 17.1611 20.9738 1.46374
0092 1.000000000000000000e+05 6.473904288329098563e+03 4.500000000000000000e+00 9.85E+03 0.434749 0.117681 9.0269 30.1194 2.20768
0093 1.000000000000000000e+05 8.150200155073142014e+03 3.500000000000000000e+00 1.24E+04 4.15278 1.5846 42.3583 15.1259 0.916715
0094 1.000000000000000000e+05 8.150200155073142014e+03 4.000000000000000000e+00 1.24E+04 1.30031 0.410141 18.8755 23.654 1.66757
0095 1.000000000000000000e+05 8.150200155073142014e+03 4.500000000000000000e+00 1.24E+04 0.444727 0.120352 9.64988 32.6136 2.41038
0096 1.000000000000000000e+05 1.026044683521766638e+04 3.500000000000000000e+00 1.56E+04 4.42825 1.6826 47.8479 17.7912 1.08943
0097 1.000000000000000000e+05 1.026044683521766638e+04 4.000000000000000000e+00 1.56E+04 1.36781 0.429695 20.6482 26.482 1.88424
0098 1.000000000000000000e+05 1.026044683521766638e+04 4.500000000000000000e+00 1.56E+04 0.456186 0.123384 10.3163 35.2726 2.62728
0099 1.200000000000000000e+05 1.026044683521766501e+03 3.500000000000000000e+00 1.07E+03 2.39678 0.933212 11.6068 2.6128 0.146152
0100 1.200000000000000000e+05 1.026044683521766501e+03 4.000000000000000000e+00 1.07E+03 0.85503 0.277466 7.44686 6.71739 0.420721
0101 1.200000000000000000e+05 1.026044683521766501e+03 4.500000000000000000e+00 1.07E+03 0.355764 0.0966199 5.03512 13.9643 0.934349
0102 1.200000000000000000e+05 1.291710751444522657e+03 3.500000000000000000e+00 1.35E+03 2.54161 0.989051 13.5052 3.18397 0.179391
0103 1.200000000000000000e+05 1.291710751444522657e+03 4.000000000000000000e+00 1.35E+03 0.895139 0.289662 8.26227 7.73304 0.491694
0104 1.200000000000000000e+05 1.291710751444522657e+03 4.500000000000000000e+00 1.35E+03 0.368384 0.0998414 5.42793 15.4542 1.047
0105 1.200000000000000000e+05 1.626174978476519755e+03 3.500000000000000000e+00 1.70E+03 2.70277 1.05042 15.6886 3.8783 0.220322
0106 1.200000000000000000e+05 1.626174978476519755e+03 4.000000000000000000e+00 1.70E+03 0.935682 0.301911 9.1478 8.87783 0.572828
0107 1.200000000000000000e+05 1.626174978476519755e+03 4.500000000000000000e+00 1.70E+03 0.380513 0.10298 5.84089 17.0311 1.16803
0108 1.200000000000000000e+05 2.047228290505137920e+03 3.500000000000000000e+00 2.14E+03 2.87018 1.1134 18.116 4.69825 0.269315
0109 1.200000000000000000e+05 2.047228290505137920e+03 4.000000000000000000e+00 2.14E+03 0.978737 0.314901 10.1328 10.1846 0.666554
0110 1.200000000000000000e+05 2.047228290505137920e+03 4.500000000000000000e+00 2.14E+03 0.390802 0.105666 6.25521 18.647 1.29416
0111 1.200000000000000000e+05 2.577319587628865520e+03 3.500000000000000000e+00 2.69E+03 3.05679 1.18295 20.8871 5.6827 0.328845
0112 1.200000000000000000e+05 2.577319587628865520e+03 4.000000000000000000e+00 2.70E+03 1.02518 0.328854 11.2228 11.669 0.774186
0113 1.200000000000000000e+05 2.577319587628865520e+03 4.500000000000000000e+00 2.70E+03 0.400859 0.108341 6.7002 20.389 1.43135
0114 1.200000000000000000e+05 3.244638181035417347e+03 3.500000000000000000e+00 3.39E+03 3.26378 1.25947 24.0454 6.85905 0.400793
0115 1.200000000000000000e+05 3.244638181035417347e+03 4.000000000000000000e+00 3.39E+03 1.07452 0.343534 12.4045 13.3237 0.895489
0116 1.200000000000000000e+05 3.244638181035417347e+03 4.500000000000000000e+00 3.39E+03 0.410793 0.111019 7.1765 22.2662 1.58052
0117 1.200000000000000000e+05 4.084748052692324109e+03 3.500000000000000000e+00 4.27E+03 3.47753 1.33759 27.512 8.22106 0.485145
0118 1.200000000000000000e+05 4.084748052692324109e+03 4.000000000000000000e+00 4.27E+03 1.12826 0.359487 13.703 15.1788 1.03266
0119 1.200000000000000000e+05 4.084748052692324109e+03 4.500000000000000000e+00 4.27E+03 0.419471 0.113384 7.66638 24.2192 1.73729
0120 1.200000000000000000e+05 5.142416805961092905e+03 3.500000000000000000e+00 5.38E+03 3.70647 1.42048 31.3714 9.80825 0.584723
0121 1.200000000000000000e+05 5.142416805961092905e+03 4.000000000000000000e+00 5.38E+03 1.18491 0.376144 15.091 17.2117 1.1844
0122 1.200000000000000000e+05 5.142416805961092905e+03 4.500000000000000000e+00 5.38E+03 0.428723 0.115919 8.20138 26.3444 1.90851
0123 1.200000000000000000e+05 6.473904288329098563e+03 3.500000000000000000e+00 6.77E+03 3.94678 1.50672 35.6309 11.6375 0.700812
0124 1.200000000000000000e+05 6.473904288329098563e+03 4.000000000000000000e+00 6.77E+03 1.24718 0.394382 16.6087 19.4676 1.35379
0125 1.200000000000000000e+05 6.473904288329098563e+03 4.500000000000000000e+00 6.77E+03 0.438155 0.118485 8.7677 28.5912 2.09029
0126 1.200000000000000000e+05 8.150200155073142014e+03 3.500000000000000000e+00 8.52E+03 4.21409 1.60211 40.4423 13.7783 0.838074
0127 1.200000000000000000e+05 8.150200155073142014e+03 4.000000000000000000e+00 8.52E+03 1.31569 0.414357 18.264 21.9638 1.54215
0128 1.200000000000000000e+05 8.150200155073142014e+03 4.500000000000000000e+00 8.52E+03 0.449276 0.12148 9.38694 31.0344 2.28839
0129 1.200000000000000000e+05 1.026044683521766638e+04 3.500000000000000000e+00 1.07E+04 4.48827 1.69881 45.6378 16.1905 0.994434
0130 1.200000000000000000e+05 1.026044683521766638e+04 4.000000000000000000e+00 1.07E+04 1.38526 0.434411 19.9811 24.6063 1.74301
0131 1.200000000000000000e+05 1.026044683521766638e+04 4.500000000000000000e+00 1.07E+04 0.460827 0.124531 10.0234 33.5523 2.49352
0132 1.400000000000000000e+05 1.026044683521766501e+03 3.500000000000000000e+00 7.15E+02 2.4028 0.935581 11.483 2.51019 0.143519
0133 1.400000000000000000e+05 1.026044683521766501e+03 4.000000000000000000e+00 7.15E+02 0.86064 0.279094 7.60648 6.84709 0.424279
0134 1.400000000000000000e+05 1.026044683521766501e+03 4.500000000000000000e+00 7.15E+02 0.361019 0.0977508 5.20416 14.7559 0.951409
0135 1.400000000000000000e+05 1.291710751444522657e+03 3.500000000000000000e+00 9.00E+02 2.55468 0.993785 13.3379 3.00679 0.172096
0136 1.400000000000000000e+05 1.291710751444522657e+03 4.000000000000000000e+00 9.00E+02 0.900154 0.291095 8.40494 7.71826 0.485339
0137 1.400000000000000000e+05 1.291710751444522657e+03 4.500000000000000000e+00 9.00E+02 0.372932 0.100817 5.60484 16.2208 1.05655
0138 1.400000000000000000e+05 1.626174978476519755e+03 3.500000000000000000e+00 1.13E+03 2.72434 1.05799 15.4645 3.61978 0.208028
0139 1.400000000000000000e+05 1.626174978476519755e+03 4.000000000000000000e+00 1.13E+03 0.943409 0.304241 9.28831 8.72161 0.556925
0140 1.400000000000000000e+05 1.626174978476519755e+03 4.500000000000000000e+00 1.13E+03 0.384705 0.1039 6.02833 17.7687 1.16957
0141 1.400000000000000000e+05 2.047228290505137920e+03 3.500000000000000000e+00 1.43E+03 2.90314 1.1248 17.8346 4.35418 0.251793
0142 1.400000000000000000e+05 2.047228290505137920e+03 4.000000000000000000e+00 1.43E+03 0.988758 0.317892 10.2324 9.85208 0.639109
0143 1.400000000000000000e+05 2.047228290505137920e+03 4.500000000000000000e+00 1.43E+03 0.394603 0.106532 6.45057 19.3258 1.28649
0144 1.400000000000000000e+05 2.577319587628865520e+03 3.500000000000000000e+00 1.80E+03 3.10081 1.19788 20.5269 5.24085 0.305377
0145 1.400000000000000000e+05 2.577319587628865520e+03 4.000000000000000000e+00 1.80E+03 1.0377 0.332547 11.2592 11.1444 0.734094
0146 1.400000000000000000e+05 2.577319587628865520e+03 4.500000000000000000e+00 1.80E+03 0.404914 0.109315 6.90369 20.9921 1.41466
0147 1.400000000000000000e+05 3.244638181035417347e+03 3.500000000000000000e+00 2.26E+03 3.31366 1.27571 23.5518 6.29821 0.370154
0148 1.400000000000000000e+05 3.244638181035417347e+03 4.000000000000000000e+00 2.26E+03 1.09383 0.349269 12.4057 12.6511 0.845667
0149 1.400000000000000000e+05 3.244638181035417347e+03 4.500000000000000000e+00 2.26E+03 0.414139 0.111834 7.36154 22.6883 1.5496
0150 1.400000000000000000e+05 4.084748052692324109e+03 3.500000000000000000e+00 2.85E+03 3.54192 1.35839 26.9243 7.54548 0.447529
0151 1.400000000000000000e+05 4.084748052692324109e+03 4.000000000000000000e+00 2.85E+03 1.15071 0.366006 13.6036 14.3067 0.969539
0152 1.400000000000000000e+05 4.084748052692324109e+03 4.500000000000000000e+00 2.85E+03 0.423595 0.114431 7.83803 24.4584 1.69511
0153 1.400000000000000000e+05 5.142416805961092905e+03 3.500000000000000000e+00 3.58E+03 3.78706 1.44629 30.6923 9.01374 0.539719
0154 1.400000000000000000e+05 5.142416805961092905e+03 4.000000000000000000e+00 3.58E+03 1.21562 0.385046 14.9406 16.2078 1.11247
0155 1.400000000000000000e+05 5.142416805961092905e+03 4.500000000000000000e+00 3.58E+03 0.434013 0.117271 8.34357 26.3387 1.85369
0156 1.400000000000000000e+05 6.473904288329098563e+03 3.500000000000000000e+00 4.51E+03 4.04672 1.53868 34.8758 10.7239 0.648475
0157 1.400000000000000000e+05 6.473904288329098563e+03 4.000000000000000000e+00 4.51E+03 1.28131 0.40408 16.3416 18.269 1.2683
0158 1.400000000000000000e+05 6.473904288329098563e+03 4.500000000000000000e+00 4.51E+03 0.445858 0.12046 8.8711 28.3214 2.02565
0159 1.400000000000000000e+05 8.150200155073142014e+03 3.500000000000000000e+00 5.68E+03 4.32446 1.63664 39.5156 12.7073 0.77615
0160 1.400000000000000000e+05 8.150200155073142014e+03 4.000000000000000000e+00 5.68E+03 1.354 0.425048 17.8864 20.5709 1.4427
0161 1.400000000000000000e+05 8.150200155073142014e+03 4.500000000000000000e+00 5.68E+03 0.458468 0.1238 9.40467 30.3643 2.20647
0162 1.400000000000000000e+05 1.026044683521766638e+04 3.500000000000000000e+00 7.15E+03 4.6202 1.73993 44.6429 14.9926 0.924941
0163 1.400000000000000000e+05 1.026044683521766638e+04 4.000000000000000000e+00 7.15E+03 1.433 0.447724 19.5808 23.1236 1.63665
0164 1.400000000000000000e+05 1.026044683521766638e+04 4.500000000000000000e+00 7.15E+03 0.472394 0.127425 9.96162 32.5496 2.39895
0165 1.600000000000000000e+05 1.026044683521766501e+03 3.500000000000000000e+00 4.82E+02 2.41006 0.938054 12.6184 3.68913 0.234305
0166 1.600000000000000000e+05 1.026044683521766501e+03 4.000000000000000000e+00 4.82E+02 0.871276 0.282038 8.24247 8.25748 0.50277
0167 1.600000000000000000e+05 1.026044683521766501e+03 4.500000000000000000e+00 4.82E+02 0.368067 0.0992882 5.6054 16.7455 1.02527
0168 1.600000000000000000e+05 1.291710751444522657e+03 3.500000000000000000e+00 6.06E+02 2.56437 0.997041 14.704 4.32126 0.273346
0169 1.600000000000000000e+05 1.291710751444522657e+03 4.000000000000000000e+00 6.06E+02 0.90998 0.293904 9.16326 9.28724 0.571922
0170 1.600000000000000000e+05 1.291710751444522657e+03 4.500000000000000000e+00 6.06E+02 0.380848 0.102588 6.08281 18.4711 1.13814
0171 1.600000000000000000e+05 1.626174978476519755e+03 3.500000000000000000e+00 7.63E+02 2.73942 1.0632 17.1208 5.08736 0.321002
0172 1.600000000000000000e+05 1.626174978476519755e+03 4.000000000000000000e+00 7.63E+02 0.95262 0.306917 10.1895 10.4714 0.652329
0173 1.600000000000000000e+05 1.626174978476519755e+03 4.500000000000000000e+00 7.63E+02 0.391834 0.105484 6.56949 20.2566 1.25483
0174 1.600000000000000000e+05 2.047228290505137920e+03 3.500000000000000000e+00 9.61E+02 2.92408 1.13199 19.8244 5.98539 0.377244
0175 1.600000000000000000e+05 2.047228290505137920e+03 4.000000000000000000e+00 9.61E+02 0.997313 0.320395 11.2924 11.792 0.74299
0176 1.600000000000000000e+05 2.047228290505137920e+03 4.500000000000000000e+00 9.61E+02 0.401379 0.108073 7.07193 22.111 1.37676
0177 1.600000000000000000e+05 2.577319587628865520e+03 3.500000000000000000e+00 1.21E+03 3.12079 1.20434 22.8721 7.04182 0.443917
0178 1.600000000000000000e+05 2.577319587628865520e+03 4.000000000000000000e+00 1.21E+03 1.04754 0.335475 12.5124 13.2954 0.847192
0179 1.600000000000000000e+05 2.577319587628865520e+03 4.500000000000000000e+00 1.21E+03 0.410631 0.110634 7.60433 24.0763 1.50801
0180 1.600000000000000000e+05 3.244638181035417347e+03 3.500000000000000000e+00 1.52E+03 3.34228 1.28505 26.3728 8.30614 0.524271
0181 1.600000000000000000e+05 3.244638181035417347e+03 4.000000000000000000e+00 1.52E+03 1.10374 0.352194 13.8446 14.9876 0.965409
0182 1.600000000000000000e+05 3.244638181035417347e+03 4.500000000000000000e+00 1.52E+03 0.418942 0.112981 8.15186 26.1106 1.64675
0183 1.600000000000000000e+05 4.084748052692324109e+03 3.500000000000000000e+00 1.92E+03 3.57965 1.37067 30.3134 9.78678 0.619085
0184 1.600000000000000000e+05 4.084748052692324109e+03 4.000000000000000000e+00 1.92E+03 1.16616 0.370585 15.3034 16.8904 1.09951
0185 1.600000000000000000e+05 4.084748052692324109e+03 4.500000000000000000e+00 1.92E+03 0.428672 0.115698 8.74323 28.3095 1.8006
0186 1.600000000000000000e+05 5.142416805961092905e+03 3.500000000000000000e+00 2.41E+03 3.83392 1.46157 34.7326 11.5153 0.730524
0187 1.600000000000000000e+05 5.142416805961092905e+03 4.000000000000000000e+00 2.41E+03 1.23156 0.389675 16.8515 18.9691 1.24724
0188 1.600000000000000000e+05 5.142416805961092905e+03 4.500000000000000000e+00 2.41E+03 0.43912 0.118582 9.35273 30.5933 1.96471
0189 1.600000000000000000e+05 6.473904288329098563e+03 3.500000000000000000e+00 3.04E+03 4.10748 1.55838 39.6906 13.5287 0.861369
0190 1.600000000000000000e+05 6.473904288329098563e+03 4.000000000000000000e+00 3.04E+03 1.30114 0.409797 18.5016 21.2402 1.40964
0191 1.600000000000000000e+05 6.473904288329098563e+03 4.500000000000000000e+00 3.04E+03 0.451381 0.121885 9.98572 32.9757 2.14066
0192 1.600000000000000000e+05 8.150200155073142014e+03 3.500000000000000000e+00 3.82E+03 4.39826 1.66063 45.2078 15.8517 1.01347
0193 1.600000000000000000e+05 8.150200155073142014e+03 4.000000000000000000e+00 3.83E+03 1.38012 0.432566 20.3505 23.8224 1.59544
0194 1.600000000000000000e+05 8.150200155073142014e+03 4.500000000000000000e+00 3.83E+03 0.465624 0.125641 10.6456 35.464 2.3288
0195 1.600000000000000000e+05 1.026044683521766638e+04 3.500000000000000000e+00 4.81E+03 4.71745 1.7719 51.4355 18.558 1.19179
0196 1.600000000000000000e+05 1.026044683521766638e+04 4.000000000000000000e+00 4.82E+03 1.45953 0.455152 22.2724 26.5751 1.79531
0197 1.600000000000000000e+05 1.026044683521766638e+04 4.500000000000000000e+00 4.82E+03 0.482169 0.129951 11.3246 38.0339 2.52697
0198 1.800000000000000000e+05 1.026044683521766501e+03 3.500000000000000000e+00 3.46E+02 2.42732 0.944037 13.2069 4.61055 0.305467
0199 1.800000000000000000e+05 1.026044683521766501e+03 4.000000000000000000e+00 3.46E+02 0.882012 0.284837 8.47398 9.12241 0.551217
0200 1.800000000000000000e+05 1.026044683521766501e+03 4.500000000000000000e+00 3.46E+02 0.375405 0.10091 5.79281 17.9247 1.07624
0201 1.800000000000000000e+05 1.291710751444522657e+03 3.500000000000000000e+00 4.35E+02 2.57938 1.00221 15.3809 5.37476 0.355017
0202 1.800000000000000000e+05 1.291710751444522657e+03 4.000000000000000000e+00 4.35E+02 0.920668 0.296812 9.43858 10.2231 0.624438
0203 1.800000000000000000e+05 1.291710751444522657e+03 4.500000000000000000e+00 4.35E+02 0.388162 0.104196 6.27919 19.6751 1.18942
0204 1.800000000000000000e+05 1.626174978476519755e+03 3.500000000000000000e+00 5.48E+02 2.75151 1.06707 17.9054 6.29429 0.414911
0205 1.800000000000000000e+05 1.626174978476519755e+03 4.000000000000000000e+00 5.48E+02 0.960239 0.308954 10.4785 11.4508 0.707061
0206 1.800000000000000000e+05 1.626174978476519755e+03 4.500000000000000000e+00 5.48E+02 0.399002 0.107055 6.77505 21.4769 1.30507
0207 1.800000000000000000e+05 2.047228290505137920e+03 3.500000000000000000e+00 6.90E+02 2.93805 1.13653 20.7646 7.37943 0.485868
0208 1.800000000000000000e+05 2.047228290505137920e+03 4.000000000000000000e+00 6.90E+02 1.00462 0.322443 11.6347 12.8588 0.802627
0209 1.800000000000000000e+05 2.047228290505137920e+03 4.500000000000000000e+00 6.90E+02 0.408637 0.109685 7.29396 23.375 1.42678
0210 1.800000000000000000e+05 2.577319587628865520e+03 3.500000000000000000e+00 8.68E+02 3.14315 1.21195 24.035 8.66489 0.570373
0211 1.800000000000000000e+05 2.577319587628865520e+03 4.000000000000000000e+00 8.68E+02 1.05586 0.337876 12.9246 14.48 0.913467
0212 1.800000000000000000e+05 2.577319587628865520e+03 4.500000000000000000e+00 8.68E+02 0.416872 0.112017 7.83076 25.3556 1.55457
0213 1.800000000000000000e+05 3.244638181035417347e+03 3.500000000000000000e+00 1.09E+03 3.3633 1.29192 27.7394 10.1763 0.670253
0214 1.800000000000000000e+05 3.244638181035417347e+03 4.000000000000000000e+00 1.09E+03 1.11201 0.354595 14.3211 16.2983 1.03857
0215 1.800000000000000000e+05 3.244638181035417347e+03 4.500000000000000000e+00 1.09E+03 0.42451 0.114253 8.40147 27.4624 1.69241
0216 1.800000000000000000e+05 4.084748052692324109e+03 3.500000000000000000e+00 1.38E+03 3.6077 1.38006 31.9934 11.9703 0.789383
0217 1.800000000000000000e+05 4.084748052692324109e+03 4.000000000000000000e+00 1.38E+03 1.17291 0.372513 15.8327 18.3263 1.17911
0218 1.800000000000000000e+05 4.084748052692324109e+03 4.500000000000000000e+00 1.38E+03 0.433582 0.116855 9.02331 29.7699 1.84659
0219 1.800000000000000000e+05 5.142416805961092905e+03 3.500000000000000000e+00 1.73E+03 3.86284 1.47086 36.7131 14.0347 0.927268
0220 1.800000000000000000e+05 5.142416805961092905e+03 4.000000000000000000e+00 1.73E+03 1.24261 0.392899 17.5232 20.6496 1.34048
0221 1.800000000000000000e+05 5.142416805961092905e+03 4.500000000000000000e+00 1.73E+03 0.442942 0.119488 9.65798 32.1498 2.00955
0222 1.800000000000000000e+05 6.473904288329098563e+03 3.500000000000000000e+00 2.18E+03 4.14357 1.57015 42.099 16.4693 1.09069
0223 1.800000000000000000e+05 6.473904288329098563e+03 4.000000000000000000e+00 2.18E+03 1.31465 0.413738 19.3114 23.184 1.51754
0224 1.800000000000000000e+05 6.473904288329098563e+03 4.500000000000000000e+00 2.18E+03 0.455926 0.123021 10.3508 34.7559 2.19123
0225 1.800000000000000000e+05 8.150200155073142014e+03 3.500000000000000000e+00 2.75E+03 4.44425 1.67568 48.1577 19.2994 1.28181
0226 1.800000000000000000e+05 8.150200155073142014e+03 4.000000000000000000e+00 2.75E+03 1.39304 0.43622 21.2674 26.0177 1.71612
0227 1.800000000000000000e+05 8.150200155073142014e+03 4.500000000000000000e+00 2.75E+03 0.470689 0.126954 11.0622 37.455 2.38366
0228 1.800000000000000000e+05 1.026044683521766638e+04 3.500000000000000000e+00 3.46E+03 4.76195 1.78592 54.8732 22.5374 1.50151
0229 1.800000000000000000e+05 1.026044683521766638e+04 4.000000000000000000e+00 3.46E+03 1.47871 0.460654 23.4313 29.2125 1.94117
0230 1.800000000000000000e+05 1.026044683521766638e+04 4.500000000000000000e+00 3.46E+03 0.487525 0.131375 11.8064 40.2868 2.58871

