0000 6.000000000000000000e+04 1.026044683521766501e+03 3.500000000000000000e+00 4.90E+03 2.43278 0.994718 9.04089 4.49793 0.240673
0001 6.000000000000000000e+04 1.026044683521766501e+03 4.000000000000000000e+00 4.90E+03 0.325448 0.149496 4.26929 6.82825 0.419136
0002 6.000000000000000000e+04 1.026044683521766501e+03 4.500000000000000000e+00 4.90E+03 0.0942755 0.0347541 2.0951 9.91724 0.699741
0003 6.000000000000000000e+04 1.291710751444522657e+03 3.500000000000000000e+00 6.17E+03 2.49466 1.02537 10.1288 5.28801 0.285002
0004 6.000000000000000000e+04 1.291710751444522657e+03 4.000000000000000000e+00 6.17E+03 0.330158 0.152377 4.63537 7.69676 0.478219
0005 6.000000000000000000e+04 1.291710751444522657e+03 4.500000000000000000e+00 6.17E+03 0.0978576 0.0359993 2.22348 10.8293 0.774978
0006 6.000000000000000000e+04 1.626174978476519755e+03 3.500000000000000000e+00 7.77E+03 2.5581 1.05722 11.3322 6.20084 0.336659
0007 6.000000000000000000e+04 1.626174978476519755e+03 4.000000000000000000e+00 7.77E+03 0.337102 0.156043 5.02232 8.64644 0.543594
0008 6.000000000000000000e+04 1.626174978476519755e+03 4.500000000000000000e+00 7.77E+03 0.101596 0.0372974 2.36094 11.8218 0.856926
0009 6.000000000000000000e+04 2.047228290505137920e+03 3.500000000000000000e+00 9.78E+03 2.61726 1.08816 12.6378 7.23966 0.395934
0010 6.000000000000000000e+04 2.047228290505137920e+03 4.000000000000000000e+00 9.78E+03 0.349308 0.16155 5.43448 9.6883 0.615919
0011 6.000000000000000000e+04 2.047228290505137920e+03 4.500000000000000000e+00 9.78E+03 0.105335 0.0385832 2.50371 12.8817 0.944342
0012 6.000000000000000000e+04 2.577319587628865520e+03 3.500000000000000000e+00 1.23E+04 2.67116 1.11829 14.0522 8.4154 0.463587
0013 6.000000000000000000e+04 2.577319587628865520e+03 4.000000000000000000e+00 1.23E+04 0.365594 0.168497 5.8728 10.827 0.695608
0014 6.000000000000000000e+04 2.577319587628865520e+03 4.500000000000000000e+00 1.23E+04 0.1092 0.0398969 2.65395 14.0269 1.0382
0015 6.000000000000000000e+04 3.244638181035417347e+03 3.500000000000000000e+00 1.55E+04 2.72014 1.14822 15.5916 9.74763 0.540822
0016 6.000000000000000000e+04 3.244638181035417347e+03 4.000000000000000000e+00 1.55E+04 0.383709 0.176107 6.34468 12.08 0.783773
0017 6.000000000000000000e+04 3.244638181035417347e+03 4.500000000000000000e+00 1.55E+04 0.112977 0.0411552 2.8058 15.2254 1.13624
0018 6.000000000000000000e+04 4.084748052692324109e+03 3.500000000000000000e+00 1.95E+04 2.76495 1.17908 17.2862 11.2666 0.62945
0019 6.000000000000000000e+04 4.084748052692324109e+03 4.000000000000000000e+00 1.95E+04 0.402495 0.18386 6.84113 13.4323 0.879613
0020 6.000000000000000000e+04 4.084748052692324109e+03 4.500000000000000000e+00 1.95E+04 0.117204 0.0425493 2.97215 16.5516 1.24361
0021 6.000000000000000000e+04 5.142416805961092905e+03 3.500000000000000000e+00 2.46E+04 2.79152 1.20575 19.0703 12.9391 0.727796
0022 6.000000000000000000e+04 5.142416805961092905e+03 4.000000000000000000e+00 2.46E+04 0.420942 0.191292 7.35344 14.8699 0.981973
0023 6.000000000000000000e+04 5.142416805961092905e+03 4.500000000000000000e+00 2.46E+04 0.121358 0.0438765 3.13759 17.9206 1.35391
0024 6.000000000000000000e+04 6.473904288329098563e+03 3.500000000000000000e+00 3.09E+04 2.81104 1.23356 21.0342 14.8342 0.839955
0025 6.000000000000000000e+04 6.473904288329098563e+03 4.000000000000000000e+00 3.09E+04 0.440502 0.199056 7.90492 16.4402 1.09403
0026 6.000000000000000000e+04 6.473904288329098563e+03 4.500000000000000000e+00 3.09E+04 0.125901 0.0453005 3.31525 19.4083 1.47237
0027 6.000000000000000000e+04 8.150200155073142014e+03 3.500000000000000000e+00 3.89E+04 2.8074 1.25655 23.0912 16.9023 0.96311
0028 6.000000000000000000e+04 8.150200155073142014e+03 4.000000000000000000e+00 3.89E+04 0.461222 0.207129 8.49907 18.1544 1.21653
0029 6.000000000000000000e+04 8.150200155073142014e+03 4.500000000000000000e+00 3.89E+04 0.130529 0.0467125 3.4958 20.959 1.59478
0030 6.000000000000000000e+04 1.026044683521766638e+04 3.500000000000000000e+00 4.90E+04 2.79963 1.28128 25.3477 19.2303 1.10249
0031 6.000000000000000000e+04 1.026044683521766638e+04 4.000000000000000000e+00 4.90E+04 0.482349 0.215147 9.11957 19.9795 1.3473
0032 6.000000000000000000e+04 1.026044683521766638e+04 4.500000000000000000e+00 4.90E+04 0.135456 0.0481745 3.68408 22.5926 1.72265
0033 8.000000000000000000e+04 1.026044683521766501e+03 3.500000000000000000e+00 2.57E+03 2.34071 0.948361 7.40619 3.5522 0.193027
0034 8.000000000000000000e+04 1.026044683521766501e+03 4.000000000000000000e+00 2.58E+03 0.318071 0.144749 3.74756 5.631 0.336516
0035 8.000000000000000000e+04 1.026044683521766501e+03 4.500000000000000000e+00 2.58E+03 0.100354 0.0357415 1.92839 8.75041 0.606813
0036 8.000000000000000000e+04 1.291710751444522657e+03 3.500000000000000000e+00 3.24E+03 2.39507 0.976178 8.32318 4.1805 0.228246
0037 8.000000000000000000e+04 1.291710751444522657e+03 4.000000000000000000e+00 3.24E+03 0.321307 0.146705 4.05963 6.32826 0.381858
0038 8.000000000000000000e+04 1.291710751444522657e+03 4.500000000000000000e+00 3.24E+03 0.103624 0.036903 2.04291 9.52422 0.668677
0039 8.000000000000000000e+04 1.626174978476519755e+03 3.500000000000000000e+00 4.08E+03 2.44604 1.00346 9.32647 4.90249 0.269043
0040 8.000000000000000000e+04 1.626174978476519755e+03 4.000000000000000000e+00 4.08E+03 0.327697 0.149981 4.39243 7.0972 0.432338
0041 8.000000000000000000e+04 1.626174978476519755e+03 4.500000000000000000e+00 4.08E+03 0.10668 0.0380016 2.1601 10.3371 0.73396
0042 8.000000000000000000e+04 2.047228290505137920e+03 3.500000000000000000e+00 5.14E+03 2.49855 1.03249 10.4463 5.74215 0.316794
0043 8.000000000000000000e+04 2.047228290505137920e+03 4.000000000000000000e+00 5.14E+03 0.339147 0.155113 4.74598 7.94143 0.488219
0044 8.000000000000000000e+04 2.047228290505137920e+03 4.500000000000000000e+00 5.14E+03 0.109434 0.0389932 2.27701 11.1794 0.80182
0045 8.000000000000000000e+04 2.577319587628865520e+03 3.500000000000000000e+00 6.47E+03 2.54572 1.06098 11.668 6.70101 0.371703
0046 8.000000000000000000e+04 2.577319587628865520e+03 4.000000000000000000e+00 6.47E+03 0.353851 0.161441 5.12369 8.86835 0.550089
0047 8.000000000000000000e+04 2.577319587628865520e+03 4.500000000000000000e+00 6.47E+03 0.112445 0.0400742 2.40419 12.103 0.875956
0048 8.000000000000000000e+04 3.244638181035417347e+03 3.500000000000000000e+00 8.14E+03 2.57849 1.0857 12.9656 7.77179 0.433472
0049 8.000000000000000000e+04 3.244638181035417347e+03 4.000000000000000000e+00 8.14E+03 0.369377 0.168016 5.5232 9.87705 0.617844
0050 8.000000000000000000e+04 3.244638181035417347e+03 4.500000000000000000e+00 8.14E+03 0.115502 0.0411618 2.53731 13.0893 0.955009
0051 8.000000000000000000e+04 4.084748052692324109e+03 3.500000000000000000e+00 1.03E+04 2.60645 1.11138 14.402 9.00067 0.504756
0052 8.000000000000000000e+04 4.084748052692324109e+03 4.000000000000000000e+00 1.03E+04 0.386646 0.175269 5.9629 11.0039 0.693763
0053 8.000000000000000000e+04 4.084748052692324109e+03 4.500000000000000000e+00 1.03E+04 0.118549 0.0422237 2.67324 14.1239 1.03784
0054 8.000000000000000000e+04 5.142416805961092905e+03 3.500000000000000000e+00 1.29E+04 2.62751 1.13782 15.9901 10.406 0.586742
0055 8.000000000000000000e+04 5.142416805961092905e+03 4.000000000000000000e+00 1.29E+04 0.403948 0.182373 6.42138 12.2121 0.775615
0056 8.000000000000000000e+04 5.142416805961092905e+03 4.500000000000000000e+00 1.29E+04 0.121604 0.0432664 2.81272 15.2108 1.12443
0057 8.000000000000000000e+04 6.473904288329098563e+03 3.500000000000000000e+00 1.62E+04 2.62895 1.16008 17.6695 11.9596 0.677917
0058 8.000000000000000000e+04 6.473904288329098563e+03 4.000000000000000000e+00 1.62E+04 0.42151 0.189409 6.90112 13.5074 0.863711
0059 8.000000000000000000e+04 6.473904288329098563e+03 4.500000000000000000e+00 1.62E+04 0.125002 0.0444001 2.96151 16.3781 1.21692
0060 8.000000000000000000e+04 8.150200155073142014e+03 3.500000000000000000e+00 2.05E+04 2.61319 1.1795 19.4706 13.6892 0.780005
0061 8.000000000000000000e+04 8.150200155073142014e+03 4.000000000000000000e+00 2.05E+04 0.440074 0.19673 7.41468 14.9159 0.95962
0062 8.000000000000000000e+04 8.150200155073142014e+03 4.500000000000000000e+00 2.05E+04 0.128584 0.0455576 3.11582 17.6048 1.31354
0063 8.000000000000000000e+04 1.026044683521766638e+04 3.500000000000000000e+00 2.57E+04 2.59619 1.19854 21.4011 15.6087 0.893889
0064 8.000000000000000000e+04 1.026044683521766638e+04 4.000000000000000000e+00 2.58E+04 0.459915 0.204404 7.9699 16.4559 1.06456
0065 8.000000000000000000e+04 1.026044683521766638e+04 4.500000000000000000e+00 2.58E+04 0.132431 0.0467657 3.27628 18.8912 1.41413
0066 1.000000000000000000e+05 1.026044683521766501e+03 3.500000000000000000e+00 1.56E+03 2.31696 0.934241 6.52858 3.07787 0.170321
0067 1.000000000000000000e+05 1.026044683521766501e+03 4.000000000000000000e+00 1.56E+03 0.326214 0.146144 3.47741 5.00545 0.29632
0068 1.000000000000000000e+05 1.026044683521766501e+03 4.500000000000000000e+00 1.56E+03 0.108092 0.0373772 1.85675 8.31029 0.569197
0069 1.000000000000000000e+05 1.291710751444522657e+03 3.500000000000000000e+00 1.96E+03 2.37258 0.962374 7.35515 3.62113 0.201054
0070 1.000000000000000000e+05 1.291710751444522657e+03 4.000000000000000000e+00 1.96E+03 0.327897 0.147329 3.74699 5.58208 0.333178
0071 1.000000000000000000e+05 1.291710751444522657e+03 4.500000000000000000e+00 1.96E+03 0.110966 0.0384041 1.95364 8.93321 0.619875
0072 1.000000000000000000e+05 1.626174978476519755e+03 3.500000000000000000e+00 2.47E+03 2.42316 0.989374 8.26068 4.24761 0.23672
0073 1.000000000000000000e+05 1.626174978476519755e+03 4.000000000000000000e+00 2.47E+03 0.334201 0.15053 4.04779 6.24172 0.375507
0074 1.000000000000000000e+05 1.626174978476519755e+03 4.500000000000000000e+00 2.47E+03 0.113835 0.0394445 2.05676 9.60616 0.674526
0075 1.000000000000000000e+05 2.047228290505137920e+03 3.500000000000000000e+00 3.11E+03 2.46945 1.01595 9.25357 4.96792 0.277978
0076 1.000000000000000000e+05 2.047228290505137920e+03 4.000000000000000000e+00 3.11E+03 0.345478 0.155562 4.36803 6.96855 0.422509
0077 1.000000000000000000e+05 2.047228290505137920e+03 4.500000000000000000e+00 3.11E+03 0.116508 0.040431 2.16272 10.3166 0.732159
0078 1.000000000000000000e+05 2.577319587628865520e+03 3.500000000000000000e+00 3.92E+03 2.51003 1.04208 10.3407 5.79347 0.32555
0079 1.000000000000000000e+05 2.577319587628865520e+03 4.000000000000000000e+00 3.92E+03 0.359165 0.161493 4.70878 7.76751 0.474478
0080 1.000000000000000000e+05 2.577319587628865520e+03 4.500000000000000000e+00 3.92E+03 0.119007 0.0413685 2.27229 11.0725 0.79307
0081 1.000000000000000000e+05 3.244638181035417347e+03 3.500000000000000000e+00 4.93E+03 2.54877 1.0697 11.5513 6.74876 0.38088
0082 1.000000000000000000e+05 3.244638181035417347e+03 4.000000000000000000e+00 4.94E+03 0.374107 0.167851 5.07438 8.64754 0.531995
0083 1.000000000000000000e+05 3.244638181035417347e+03 4.500000000000000000e+00 4.94E+03 0.121572 0.042326 2.38847 11.8904 0.858519
0084 1.000000000000000000e+05 4.084748052692324109e+03 3.500000000000000000e+00 6.21E+03 2.57037 1.09324 12.8379 7.81527 0.443017
0085 1.000000000000000000e+05 4.084748052692324109e+03 4.000000000000000000e+00 6.21E+03 0.391012 0.174949 5.48125 9.64109 0.597106
0086 1.000000000000000000e+05 4.084748052692324109e+03 4.500000000000000000e+00 6.21E+03 0.12401 0.043229 2.5065 12.7493 0.926861
0087 1.000000000000000000e+05 5.142416805961092905e+03 3.500000000000000000e+00 7.82E+03 2.58473 1.11732 14.2609 9.03781 0.514594
0088 1.000000000000000000e+05 5.142416805961092905e+03 4.000000000000000000e+00 7.82E+03 0.408173 0.181981 5.90572 10.7088 0.667469
0089 1.000000000000000000e+05 5.142416805961092905e+03 4.500000000000000000e+00 7.82E+03 0.126548 0.0441584 2.63188 13.6765 0.999837
0090 1.000000000000000000e+05 6.473904288329098563e+03 3.500000000000000000e+00 9.84E+03 2.57675 1.13638 15.7637 10.3902 0.594224
0091 1.000000000000000000e+05 6.473904288329098563e+03 4.000000000000000000e+00 9.85E+03 0.425724 0.18899 6.35156 11.8591 0.743466
0092 1.000000000000000000e+05 6.473904288329098563e+03 4.500000000000000000e+00 9.85E+03 0.129292 0.0451273 2.76366 14.6652 1.07725
0093 1.000000000000000000e+05 8.150200155073142014e+03 3.500000000000000000e+00 1.24E+04 2.56175 1.15598 17.4198 11.9282 0.685184
0094 1.000000000000000000e+05 8.150200155073142014e+03 4.000000000000000000e+00 1.24E+04 0.444778 0.196468 6.83474 13.1236 0.827094
0095 1.000000000000000000e+05 8.150200155073142014e+03 4.500000000000000000e+00 1.24E+04 0.132295 0.0461464 2.89948 15.6977 1.15783
0096 1.000000000000000000e+05 1.026044683521766638e+04 3.500000000000000000e+00 1.56E+04 2.55355 1.17626 19.2001 13.6427 0.787047
0097 1.000000000000000000e+05 1.026044683521766638e+04 4.000000000000000000e+00 1.56E+04 0.463417 0.203524 7.32587 14.4463 0.91478
0098 1.000000000000000000e+05 1.026044683521766638e+04 4.500000000000000000e+00 1.56E+04 0.135661 0.0472585 3.04612 16.8084 1.24373
0099 1.200000000000000000e+05 1.026044683521766501e+03 3.500000000000000000e+00 1.07E+03 2.33382 0.93806 6.24247 2.94111 0.164943
0100 1.200000000000000000e+05 1.026044683521766501e+03 4.000000000000000000e+00 1.07E+03 0.334093 0.148289 3.40687 4.88031 0.288159
0101 1.200000000000000000e+05 1.026044683521766501e+03 4.500000000000000000e+00 1.07E+03 0.112407 0.0383416 1.84861 8.6892 0.576631
0102 1.200000000000000000e+05 1.291710751444522657e+03 3.500000000000000000e+00 1.35E+03 2.39112 0.966483 7.03018 3.44389 0.193643
0103 1.200000000000000000e+05 1.291710751444522657e+03 4.000000000000000000e+00 1.35E+03 0.336489 0.149785 3.67125 5.40347 0.321582
0104 1.200000000000000000e+05 1.291710751444522657e+03 4.500000000000000000e+00 1.35E+03 0.115589 0.039469 1.94679 9.25695 0.623341
0105 1.200000000000000000e+05 1.626174978476519755e+03 3.500000000000000000e+00 1.70E+03 2.44505 0.994532 7.89628 4.02656 0.227119
0106 1.200000000000000000e+05 1.626174978476519755e+03 4.000000000000000000e+00 1.70E+03 0.342505 0.152805 3.94821 5.98087 0.358767
0107 1.200000000000000000e+05 1.626174978476519755e+03 4.500000000000000000e+00 1.70E+03 0.118492 0.0405201 2.04513 9.82706 0.671303
0108 1.200000000000000000e+05 2.047228290505137920e+03 3.500000000000000000e+00 2.14E+03 2.49485 1.0221 8.84682 4.69864 0.265968
0109 1.200000000000000000e+05 2.047228290505137920e+03 4.000000000000000000e+00 2.14E+03 0.355101 0.158347 4.25879 6.64685 0.401912
0110 1.200000000000000000e+05 2.047228290505137920e+03 4.500000000000000000e+00 2.14E+03 0.121272 0.0415404 2.14559 10.4195 0.721648
0111 1.200000000000000000e+05 2.577319587628865520e+03 3.500000000000000000e+00 2.69E+03 2.5447 1.05148 9.90905 5.48157 0.311466
0112 1.200000000000000000e+05 2.577319587628865520e+03 4.000000000000000000e+00 2.70E+03 0.370115 0.164765 4.58725 7.3823 0.449793
0113 1.200000000000000000e+05 2.577319587628865520e+03 4.500000000000000000e+00 2.70E+03 0.123851 0.0425063 2.24751 11.0369 0.774545
0114 1.200000000000000000e+05 3.244638181035417347e+03 3.500000000000000000e+00 3.39E+03 2.58062 1.07744 11.047 6.36435 0.363073
0115 1.200000000000000000e+05 3.244638181035417347e+03 4.000000000000000000e+00 3.39E+03 0.386117 0.171449 4.93497 8.18996 0.502671
0116 1.200000000000000000e+05 3.244638181035417347e+03 4.500000000000000000e+00 3.39E+03 0.126415 0.0434701 2.35315 11.699 0.831053
0117 1.200000000000000000e+05 4.084748052692324109e+03 3.500000000000000000e+00 4.27E+03 2.61172 1.10449 12.3101 7.38406 0.422987
0118 1.200000000000000000e+05 4.084748052692324109e+03 4.000000000000000000e+00 4.27E+03 0.403757 0.178668 5.31507 9.09403 0.561931
0119 1.200000000000000000e+05 4.084748052692324109e+03 4.500000000000000000e+00 4.27E+03 0.128842 0.04438 2.45928 12.3951 0.890295
0120 1.200000000000000000e+05 5.142416805961092905e+03 3.500000000000000000e+00 5.38E+03 2.63117 1.13021 13.6864 8.54139 0.491314
0121 1.200000000000000000e+05 5.142416805961092905e+03 4.000000000000000000e+00 5.38E+03 0.423005 0.186375 5.72873 10.0988 0.627892
0122 1.200000000000000000e+05 5.142416805961092905e+03 4.500000000000000000e+00 5.38E+03 0.131628 0.0453947 2.57405 13.1729 0.955084
0123 1.200000000000000000e+05 6.473904288329098563e+03 3.500000000000000000e+00 6.77E+03 2.63448 1.15338 15.1758 9.847 0.568779
0124 1.200000000000000000e+05 6.473904288329098563e+03 4.000000000000000000e+00 6.77E+03 0.442867 0.19412 6.16618 11.1901 0.69963
0125 1.200000000000000000e+05 6.473904288329098563e+03 4.500000000000000000e+00 6.77E+03 0.135216 0.046638 2.70012 14.0467 1.02627
0126 1.200000000000000000e+05 8.150200155073142014e+03 3.500000000000000000e+00 8.52E+03 2.62566 1.17506 16.7903 11.3167 0.656354
0127 1.200000000000000000e+05 8.150200155073142014e+03 4.000000000000000000e+00 8.52E+03 0.463411 0.20192 6.62921 12.3714 0.777358
0128 1.200000000000000000e+05 8.150200155073142014e+03 4.500000000000000000e+00 8.52E+03 0.13852 0.0477427 2.8275 14.9639 1.09974
0129 1.200000000000000000e+05 1.026044683521766638e+04 3.500000000000000000e+00 1.07E+04 2.62366 1.19755 18.5308 12.9613 0.754787
0130 1.200000000000000000e+05 1.026044683521766638e+04 4.000000000000000000e+00 1.07E+04 0.485351 0.21007 7.12857 13.6647 0.86247
0131 1.200000000000000000e+05 1.026044683521766638e+04 4.500000000000000000e+00 1.07E+04 0.142152 0.0489002 2.96211 15.9469 1.17719
0132 1.400000000000000000e+05 1.026044683521766501e+03 3.500000000000000000e+00 7.15E+02 2.36379 0.946265 6.15031 3.37589 0.199993
0133 1.400000000000000000e+05 1.026044683521766501e+03 4.000000000000000000e+00 7.15E+02 0.342102 0.15067 3.40609 5.7092 0.33706
0134 1.400000000000000000e+05 1.026044683521766501e+03 4.500000000000000000e+00 7.15E+02 0.117211 0.0394839 1.87554 10.5069 0.649237
0135 1.400000000000000000e+05 1.291710751444522657e+03 3.500000000000000000e+00 9.00E+02 2.42806 0.977161 6.94571 3.88063 0.228935
0136 1.400000000000000000e+05 1.291710751444522657e+03 4.000000000000000000e+00 9.00E+02 0.345259 0.152524 3.67451 6.18831 0.367206
0137 1.400000000000000000e+05 1.291710751444522657e+03 4.500000000000000000e+00 9.00E+02 0.120205 0.0405709 1.97431 11.1707 0.697358
0138 1.400000000000000000e+05 1.626174978476519755e+03 3.500000000000000000e+00 1.13E+03 2.48884 1.00762 7.82607 4.46608 0.262681
0139 1.400000000000000000e+05 1.626174978476519755e+03 4.000000000000000000e+00 1.13E+03 0.353354 0.156371 3.96364 6.70732 0.400267
0140 1.400000000000000000e+05 1.626174978476519755e+03 4.500000000000000000e+00 1.13E+03 0.123114 0.0416469 2.07486 11.8173 0.745762
0141 1.400000000000000000e+05 2.047228290505137920e+03 3.500000000000000000e+00 1.43E+03 2.54635 1.03803 8.7944 5.13969 0.30175
0142 1.400000000000000000e+05 2.047228290505137920e+03 4.000000000000000000e+00 1.43E+03 0.367702 0.162521 4.27757 7.28057 0.437159
0143 1.400000000000000000e+05 2.047228290505137920e+03 4.500000000000000000e+00 1.43E+03 0.12584 0.04268 2.17531 12.4344 0.793853
0144 1.400000000000000000e+05 2.577319587628865520e+03 3.500000000000000000e+00 1.80E+03 2.59944 1.06836 9.86153 5.91476 0.346898
0145 1.400000000000000000e+05 2.577319587628865520e+03 4.000000000000000000e+00 1.80E+03 0.384565 0.169523 4.60552 7.89712 0.477397
0146 1.400000000000000000e+05 2.577319587628865520e+03 4.500000000000000000e+00 1.80E+03 0.128713 0.0437598 2.27919 13.0388 0.843302
0147 1.400000000000000000e+05 3.244638181035417347e+03 3.500000000000000000e+00 2.26E+03 2.64187 1.09658 11.0234 6.79416 0.398368
0148 1.400000000000000000e+05 3.244638181035417347e+03 4.000000000000000000e+00 2.26E+03 0.40378 0.177337 4.96538 8.60487 0.523789
0149 1.400000000000000000e+05 3.244638181035417347e+03 4.500000000000000000e+00 2.26E+03 0.131955 0.0449491 2.38592 13.624 0.893806
0150 1.400000000000000000e+05 4.084748052692324109e+03 3.500000000000000000e+00 2.85E+03 2.68183 1.12676 12.3265 7.81545 0.458426
0151 1.400000000000000000e+05 4.084748052692324109e+03 4.000000000000000000e+00 2.85E+03 0.424429 0.185563 5.3543 9.40539 0.576581
0152 1.400000000000000000e+05 4.084748052692324109e+03 4.500000000000000000e+00 2.85E+03 0.134997 0.0460537 2.49196 14.164 0.944178
0153 1.400000000000000000e+05 5.142416805961092905e+03 3.500000000000000000e+00 3.58E+03 2.70263 1.15259 13.7121 8.95091 0.525553
0154 1.400000000000000000e+05 5.142416805961092905e+03 4.000000000000000000e+00 3.58E+03 0.445965 0.193923 5.76676 10.2964 0.635676
0155 1.400000000000000000e+05 5.142416805961092905e+03 4.500000000000000000e+00 3.58E+03 0.139139 0.0474858 2.61055 14.7322 0.999203
0156 1.400000000000000000e+05 6.473904288329098563e+03 3.500000000000000000e+00 4.51E+03 2.71561 1.17959 15.2547 10.2577 0.603186
0157 1.400000000000000000e+05 6.473904288329098563e+03 4.000000000000000000e+00 4.51E+03 0.468829 0.202597 6.21412 11.3045 0.70274
0158 1.400000000000000000e+05 6.473904288329098563e+03 4.500000000000000000e+00 4.51E+03 0.142545 0.0486359 2.72439 15.2329 1.05263
0159 1.400000000000000000e+05 8.150200155073142014e+03 3.500000000000000000e+00 5.68E+03 2.71581 1.20494 16.9237 11.7278 0.690949
0160 1.400000000000000000e+05 8.150200155073142014e+03 4.000000000000000000e+00 5.68E+03 0.49234 0.211284 6.68647 12.4165 0.776931
0161 1.400000000000000000e+05 8.150200155073142014e+03 4.500000000000000000e+00 5.68E+03 0.147079 0.0500838 2.85031 15.7867 1.11184
0162 1.400000000000000000e+05 1.026044683521766638e+04 3.500000000000000000e+00 7.15E+03 2.71994 1.23066 18.7286 13.376 0.789828
0163 1.400000000000000000e+05 1.026044683521766638e+04 4.000000000000000000e+00 7.15E+03 0.517423 0.220376 7.20177 13.6658 0.860362
0164 1.400000000000000000e+05 1.026044683521766638e+04 4.500000000000000000e+00 7.15E+03 0.152204 0.0516415 2.98125 16.4067 1.17593
0165 1.600000000000000000e+05 1.026044683521766501e+03 3.500000000000000000e+00 4.82E+02 2.3891 0.954393 6.43986 5.60881 0.367319
0166 1.600000000000000000e+05 1.026044683521766501e+03 4.000000000000000000e+00 4.82E+02 0.352852 0.154141 3.57293 8.1568 0.483144
0167 1.600000000000000000e+05 1.026044683521766501e+03 4.500000000000000000e+00 4.82E+02 0.122605 0.040785 1.98161 13.8518 0.792699
0168 1.600000000000000000e+05 1.291710751444522657e+03 3.500000000000000000e+00 6.06E+02 2.45009 0.98363 7.27886 6.46008 0.422557
0169 1.600000000000000000e+05 1.291710751444522657e+03 4.000000000000000000e+00 6.06E+02 0.355513 0.155881 3.85955 8.97005 0.5336
0170 1.600000000000000000e+05 1.291710751444522657e+03 4.500000000000000000e+00 6.06E+02 0.125345 0.041814 2.08746 14.9183 0.857009
0171 1.600000000000000000e+05 1.626174978476519755e+03 3.500000000000000000e+00 7.63E+02 2.51634 1.01592 8.23437 7.46716 0.488016
0172 1.600000000000000000e+05 1.626174978476519755e+03 4.000000000000000000e+00 7.63E+02 0.362977 0.159509 4.16893 9.86545 0.589367
0173 1.600000000000000000e+05 1.626174978476519755e+03 4.500000000000000000e+00 7.63E+02 0.128096 0.0428663 2.19688 16.0395 0.924427
0174 1.600000000000000000e+05 2.047228290505137920e+03 3.500000000000000000e+00 9.61E+02 2.57834 1.04769 9.29346 8.62772 0.5636
0175 1.600000000000000000e+05 2.047228290505137920e+03 4.000000000000000000e+00 9.61E+02 0.377654 0.165806 4.515 10.8817 0.652739
0176 1.600000000000000000e+05 2.047228290505137920e+03 4.500000000000000000e+00 9.61E+02 0.130593 0.0438633 2.30735 17.1809 0.993244
0177 1.600000000000000000e+05 2.577319587628865520e+03 3.500000000000000000e+00 1.21E+03 2.63456 1.07884 10.4624 9.9592 0.65049
0178 1.600000000000000000e+05 2.577319587628865520e+03 4.000000000000000000e+00 1.21E+03 0.395581 0.173218 4.88485 11.9919 0.722237
0179 1.600000000000000000e+05 2.577319587628865520e+03 4.500000000000000000e+00 1.21E+03 0.133276 0.0449147 2.42062 18.3498 1.06465
0180 1.600000000000000000e+05 3.244638181035417347e+03 3.500000000000000000e+00 1.52E+03 2.68449 1.10963 11.7588 11.4945 0.750903
0181 1.600000000000000000e+05 3.244638181035417347e+03 4.000000000000000000e+00 1.52E+03 0.415742 0.181352 5.28891 13.2252 0.79969
0182 1.600000000000000000e+05 3.244638181035417347e+03 4.500000000000000000e+00 1.52E+03 0.136061 0.0459963 2.53942 19.5503 1.13929
0183 1.600000000000000000e+05 4.084748052692324109e+03 3.500000000000000000e+00 1.92E+03 2.72366 1.13896 13.182 13.2406 0.865296
0184 1.600000000000000000e+05 4.084748052692324109e+03 4.000000000000000000e+00 1.92E+03 0.43703 0.189726 5.72376 14.5843 0.885382
0185 1.600000000000000000e+05 4.084748052692324109e+03 4.500000000000000000e+00 1.92E+03 0.139287 0.0471942 2.66536 20.7829 1.21768
0186 1.600000000000000000e+05 5.142416805961092905e+03 3.500000000000000000e+00 2.41E+03 2.75652 1.16938 14.7697 15.2551 0.997547
0187 1.600000000000000000e+05 5.142416805961092905e+03 4.000000000000000000e+00 2.41E+03 0.4606 0.198843 6.20829 16.1184 0.982332
0188 1.600000000000000000e+05 5.142416805961092905e+03 4.500000000000000000e+00 2.41E+03 0.143014 0.0485109 2.79899 22.0386 1.29955
0189 1.600000000000000000e+05 6.473904288329098563e+03 3.500000000000000000e+00 3.04E+03 2.77473 1.19823 16.5137 17.5449 1.14817
0190 1.600000000000000000e+05 6.473904288329098563e+03 4.000000000000000000e+00 3.04E+03 0.484804 0.207947 6.72672 17.8004 1.08906
0191 1.600000000000000000e+05 6.473904288329098563e+03 4.500000000000000000e+00 3.04E+03 0.147774 0.0500889 2.94418 23.3427 1.38655
0192 1.600000000000000000e+05 8.150200155073142014e+03 3.500000000000000000e+00 3.82E+03 2.77979 1.22557 18.4155 20.1292 1.3185
0193 1.600000000000000000e+05 8.150200155073142014e+03 4.000000000000000000e+00 3.83E+03 0.509109 0.216823 7.27877 19.6432 1.20625
0194 1.600000000000000000e+05 8.150200155073142014e+03 4.500000000000000000e+00 3.83E+03 0.152209 0.0514878 3.08951 24.603 1.47318
0195 1.600000000000000000e+05 1.026044683521766638e+04 3.500000000000000000e+00 4.81E+03 2.78615 1.253 20.4769 23.0293 1.50995
0196 1.600000000000000000e+05 1.026044683521766638e+04 4.000000000000000000e+00 4.82E+03 0.533917 0.225618 7.86491 21.6495 1.33427
0197 1.600000000000000000e+05 1.026044683521766638e+04 4.500000000000000000e+00 4.82E+03 0.157585 0.0530987 3.24907 25.9221 1.5658
0198 1.800000000000000000e+05 1.026044683521766501e+03 3.500000000000000000e+00 3.46E+02 2.40345 0.959668 6.5668 6.96816 0.470217
0199 1.800000000000000000e+05 1.026044683521766501e+03 4.000000000000000000e+00 3.46E+02 0.362729 0.157303 3.64903 9.45763 0.561429
0200 1.800000000000000000e+05 1.026044683521766501e+03 4.500000000000000000e+00 3.46E+02 0.127117 0.0418388 2.0282 15.503 0.868268
0201 1.800000000000000000e+05 1.291710751444522657e+03 3.500000000000000000e+00 4.35E+02 2.4686 0.99019 7.43795 8.04257 0.542745
0202 1.800000000000000000e+05 1.291710751444522657e+03 4.000000000000000000e+00 4.35E+02 0.363489 0.158348 3.92824 10.3614 0.617695
0203 1.800000000000000000e+05 1.291710751444522657e+03 4.500000000000000000e+00 4.35E+02 0.129866 0.0428744 2.13729 16.6616 0.936693
0204 1.800000000000000000e+05 1.626174978476519755e+03 3.500000000000000000e+00 5.48E+02 2.53724 1.02325 8.43266 9.31089 0.628478
0205 1.800000000000000000e+05 1.626174978476519755e+03 4.000000000000000000e+00 5.48E+02 0.370217 0.161766 4.24441 11.398 0.682406
0206 1.800000000000000000e+05 1.626174978476519755e+03 4.500000000000000000e+00 5.48E+02 0.132305 0.0438483 2.24703 17.8592 1.0067
0207 1.800000000000000000e+05 2.047228290505137920e+03 3.500000000000000000e+00 6.90E+02 2.59742 1.05392 9.51525 10.7555 0.726304
0208 1.800000000000000000e+05 2.047228290505137920e+03 4.000000000000000000e+00 6.90E+02 0.38449 0.16794 4.59757 12.5816 0.756339
0209 1.800000000000000000e+05 2.047228290505137920e+03 4.500000000000000000e+00 6.90E+02 0.134426 0.0447541 2.35737 19.0944 1.07863
0210 1.800000000000000000e+05 2.577319587628865520e+03 3.500000000000000000e+00 8.68E+02 2.65973 1.08717 10.7483 12.456 0.841762
0211 1.800000000000000000e+05 2.577319587628865520e+03 4.000000000000000000e+00 8.68E+02 0.401906 0.175184 4.97408 13.8753 0.837503
0212 1.800000000000000000e+05 2.577319587628865520e+03 4.500000000000000000e+00 8.68E+02 0.136813 0.0457529 2.47297 20.4024 1.15505
0213 1.800000000000000000e+05 3.244638181035417347e+03 3.500000000000000000e+00 1.09E+03 2.71105 1.11826 12.1031 14.3954 0.973615
0214 1.800000000000000000e+05 3.244638181035417347e+03 4.000000000000000000e+00 1.09E+03 0.422931 0.18369 5.39874 15.3681 0.931287
0215 1.800000000000000000e+05 3.244638181035417347e+03 4.500000000000000000e+00 1.09E+03 0.139493 0.046833 2.59033 21.7417 1.23422
0216 1.800000000000000000e+05 4.084748052692324109e+03 3.500000000000000000e+00 1.38E+03 2.75552 1.14946 13.6112 16.6367 1.12633
0217 1.800000000000000000e+05 4.084748052692324109e+03 4.000000000000000000e+00 1.38E+03 0.4454 0.192548 5.86299 17.0399 1.03659
0218 1.800000000000000000e+05 4.084748052692324109e+03 4.500000000000000000e+00 1.38E+03 0.14252 0.04801 2.71929 23.1868 1.32095
0219 1.800000000000000000e+05 5.142416805961092905e+03 3.500000000000000000e+00 1.73E+03 2.78861 1.17959 15.2745 19.204 1.30157
0220 1.800000000000000000e+05 5.142416805961092905e+03 4.000000000000000000e+00 1.73E+03 0.468815 0.201554 6.36459 18.9073 1.15449
0221 1.800000000000000000e+05 5.142416805961092905e+03 4.500000000000000000e+00 1.73E+03 0.146012 0.0492848 2.85493 24.6836 1.41238
0222 1.800000000000000000e+05 6.473904288329098563e+03 3.500000000000000000e+00 2.18E+03 2.80392 1.20692 17.0853 22.1032 1.49989
0223 1.800000000000000000e+05 6.473904288329098563e+03 4.000000000000000000e+00 2.18E+03 0.49245 0.210359 6.89822 20.9579 1.28425
0224 1.800000000000000000e+05 6.473904288329098563e+03 4.500000000000000000e+00 2.18E+03 0.150464 0.0507788 3.00102 26.2564 1.51054
0225 1.800000000000000000e+05 8.150200155073142014e+03 3.500000000000000000e+00 2.74E+03 2.81301 1.23587 19.1128 25.4603 1.72994
0226 1.800000000000000000e+05 8.150200155073142014e+03 4.000000000000000000e+00 2.75E+03 0.517805 0.219613 7.48869 23.2945 1.43233
0227 1.800000000000000000e+05 8.150200155073142014e+03 4.500000000000000000e+00 2.75E+03 0.154778 0.0521507 3.15224 27.8489 1.61184
0228 1.800000000000000000e+05 1.026044683521766638e+04 3.500000000000000000e+00 3.46E+03 2.82098 1.26448 21.3215 29.2484 1.98991
0229 1.800000000000000000e+05 1.026044683521766638e+04 4.000000000000000000e+00 3.46E+03 0.543863 0.228897 8.13141 25.9073 1.59819
0230 1.800000000000000000e+05 1.026044683521766638e+04 4.500000000000000000e+00 3.46E+03 0.160449 0.0538505 3.32239 29.5916 1.72379
