0000	6.000000000000000000e+04 1.026044683521766501e+03 3.500000000000000000e+00	4.90E+03	1442593912233448061325690424786944 651228655757288047867075797975040	14892492958925363723599850206396416	4792867313236320968018111473123328 262790739606816846533021405282304
0001	6.000000000000000000e+04 1.026044683521766501e+03 4.000000000000000000e+00	4.90E+03	542786735938472090246319270002688 187842792083241618989992340619264	7910841639198240378952559563374592	9638215204809840375551998684037120 629458934372968102171739372388352
0002	6.000000000000000000e+04 1.026044683521766501e+03 4.500000000000000000e+00	4.90E+03	224237101297528044705920204144640 61886712762252007441127901757440	4442279107865760709832355396714496	15757091797366083920108861641457664 1109744441375496176230749003841536
0003	6.000000000000000000e+04 1.291710751444522657e+03 3.500000000000000000e+00	6.17E+03	1551406634998920212695757564674048 694137135447344091311304442118144	16961274366631441860442504566931456	5797324650185920930763483249639424 322015446053640027719451984003072
0004	6.000000000000000000e+04 1.291710751444522657e+03 4.000000000000000000e+00	6.17E+03	573991000038112137171705045975040 197522842233404000541356410798080	8683786362195361352938429234544640	11038953239266321775580492704251904 733768195544376040070834464751616
0005	6.000000000000000000e+04 1.291710751444522657e+03 4.500000000000000000e+00	6.17E+03	232882491612666453959425382154240 63994607900137605432494765637632	4761079931599601109768385123581952	17383331849623603049916012322357248 1246469056915864317936691813810176
0006	6.000000000000000000e+04 1.626174978476519755e+03 3.500000000000000000e+00	7.77E+03	1671181967461496189258828462686208 740424706506120028039025031905280	19282351295380803247462290437439488	6986256453096880546470888535490560 393089997957832026370900855095296
0007	6.000000000000000000e+04 1.626174978476519755e+03 4.000000000000000000e+00	7.77E+03	607566608788544166215053815578624 207687029456660029754538339598336	9508942532358720443347151393652736	12586128534188482320863464689500160 850819322487568025636706459844608
0008	6.000000000000000000e+04 1.626174978476519755e+03 4.500000000000000000e+00	7.77E+03	241759932804099257083268385734656 66057049773594420874618855227392	5102009318279041045518385166680064	19130710832276560930201975260184576 1394909849432024411273807871868928
0009	6.000000000000000000e+04 2.047228290505137920e+03 3.500000000000000000e+00	9.78E+03	1797850048246992113935344876912640 788126711385608151191358439161856	21836735045889041357661965752729600	8369112216416241103254286810218496 476966222560688100452357661261824
0010	6.000000000000000000e+04 2.047228290505137920e+03 4.000000000000000000e+00	9.78E+03	642718130062264027901054664310784 218056653473748835619532687015936	10397314624234243046843612143812608	14295829152907041085000356921868288 981960961403688167916977914904576
0011	6.000000000000000000e+04 2.047228290505137920e+03 4.500000000000000000e+00	9.78E+03	250812907325924877020503820206080 67885646562950404143559288553472	5459834161802080447685844937998336	20980000818333042019786066101272576 1553410167049400151972079126708224
0012	6.000000000000000000e+04 2.577319587628865520e+03 3.500000000000000000e+00	1.23E+04	1937322792077496012747959273783296 839644398200040150523108512497664	24704477189785044799304629777072128	9994574778624322502241616455008256 576789964216096081808149446656000
0013	6.000000000000000000e+04 2.577319587628865520e+03 4.000000000000000000e+00	1.23E+04	680949708070303968313565467639808 228968726317639205426944316276736	11350936073335843406021421057441792	16176517775575521438042006684172288 1128144042430128176962442759241728
0014	6.000000000000000000e+04 2.577319587628865520e+03 4.500000000000000000e+00	1.23E+04	257446691655454442188875608621056 68702908218765617655677617963008	5832790157825761361544811991007232	22926178025935124130672066204532736 1721431747426072190882351761326080
0015	6.000000000000000000e+04 3.244638181035417347e+03 3.500000000000000000e+00	1.55E+04	2080808580701648380158931307069440 891063403585120213933358290305024	27803163781828165074444257603878912	11848380187660243760409009723539456 692205371709120026824153235456000
0016	6.000000000000000000e+04 3.244638181035417347e+03 4.000000000000000000e+00	1.55E+04	721956327485576015195453949739008 240217811194498434582554846691328	12386911660751203480384348237070336	18259054776464004303103135611617280 1291488721124784112840997553045504
0017	6.000000000000000000e+04 3.244638181035417347e+03 4.500000000000000000e+00	1.55E+04	260454082973615242327207570309120 69056666191260805153939796262912	6229220372649841120839356395814912	24998428235400239770499260279160832 1901558249803256343870400844791808
0018	6.000000000000000000e+04 4.084748052692324109e+03 3.500000000000000000e+00	1.95E+04	2230669787731208241160058163953664 943238966595232122343882510827520	31183929744500801312975017935372288	13967190089701443413844218714521600 825799094627320118446595390832640
0019	6.000000000000000000e+04 4.084748052692324109e+03 4.000000000000000000e+00	1.95E+04	765020305185519979503135798329344 251305716403416029088366421082112	13486252687195921354621170044895232	20520474295650563630789045711273984 1470888569340376344638395162558464
0020	6.000000000000000000e+04 4.084748052692324109e+03 4.500000000000000000e+00	1.95E+04	262029098393000031458822201540608 69088363862507212302404869423104	6638538980216561620920222011621376	27152105575812485413748604760227840 2089405826440648164761340242558976
0021	6.000000000000000000e+04 5.142416805961092905e+03 3.500000000000000000e+00	2.46E+04	2392782443732136404955347512459264 998494586339664109480916685946880	34946383514521603311430010459389952	16412336488263365019827528483733504 981524370837464040905865118613504
0022	6.000000000000000000e+04 5.142416805961092905e+03 4.000000000000000000e+00	2.46E+04	807862997256008161743156296024064 261105679441972838022403051225088	14637745353880000091734983768539136	22939215935994964922852066486910976 1664534427538784221668081208918016
0023	6.000000000000000000e+04 5.142416805961092905e+03 4.500000000000000000e+00	2.46E+04	262920819672780853775573297659904 68931071644812808100109560578048	7071810261998720900312137086271488	29436670375701604857309803782864896 2288446269443632189751140366155776
0024	6.000000000000000000e+04 6.473904288329098563e+03 3.500000000000000000e+00	3.09E+04	2554368798776520526195467082530816 1051758635418992184511553716879360	38957036031094407613043929780322304	19139622064381682148590840543444992 1157461397986704189230299857551360
0025	6.000000000000000000e+04 6.473904288329098563e+03 4.000000000000000000e+00	3.09E+04	848639360002792117949563962130432 269382659087530460721845807087616	15882447116106560430540608969375744	25588543182925203386235823136440320 1877934513685656005889263663054848
0026	6.000000000000000000e+04 6.473904288329098563e+03 4.500000000000000000e+00	3.09E+04	263029070210433661873328954015744 68532757511792007664431622258688	7524787926187841419367731655868416	31832535866514407509511963492220928 2497205338064616096565566308876288
0027	6.000000000000000000e+04 8.150200155073142014e+03 3.500000000000000000e+00	3.89E+04	2725261111643432744819324662841344 1107307309105136116735795749978112	43403082975353604775726678427041792	22258852335808084412367352507662336 1360604596173656310132138447994880
0028	6.000000000000000000e+04 8.150200155073142014e+03 4.000000000000000000e+00	3.89E+04	879801759253616141837808313565184 276176426946464028999986494570496	17232618393886001973633711073132544	28483437671624725092924162297561088 2112311879435688025468516960305152
0029	6.000000000000000000e+04 8.150200155073142014e+03 4.500000000000000000e+00	3.89E+04	261740829005438396358952457601024 67731643726234414618752598409216	7991820218193761004821635900899328	34315121401303203076559837182558208 2712731560462072242669983683837952
0030	6.000000000000000000e+04 1.026044683521766638e+04 3.500000000000000000e+00	4.90E+04	2890286364983416606962182116081664 1159156924363752149457008039297024	48103309358852806297315516725854208	25693564146526484436342262825222144 1586893075063168546909265961418752
0031	6.000000000000000000e+04 1.026044683521766638e+04 4.000000000000000000e+00	4.90E+04	904842919538272096575287113809920 281774355302432062388063371788288	18650760244064564283031828731789312	31573571873124006117694161983373312 2364338269308008358479339855020032
0032	6.000000000000000000e+04 1.026044683521766638e+04 4.500000000000000000e+00	4.90E+04	259204417236457621201280898695168 66562119271096017004612642930688	8475179801237920207273470784962560	36888314430315202118061117564518400 2936194162056504545735930894352384
0033	8.000000000000000000e+04 1.026044683521766501e+03 3.500000000000000000e+00	2.58E+03	1381650653742728269371710466162688 617629124236104036541472230604800	11945327216132722035256779557830656	3492066653596320600093225625059328 191121407814803237128329962192896
0034	8.000000000000000000e+04 1.026044683521766501e+03 4.000000000000000000e+00	2.58E+03	548785370704536025020547614113792 187114343713843250489295781232640	6814401248707200734741500683878400	7605407663622081230139075457974272 478222168025168143048254056038400
0035	8.000000000000000000e+04 1.026044683521766501e+03 4.500000000000000000e+00	2.58E+03	234878846831920820168348716236800 63880376669796810771374664581120	4018367610140320497167333605769216	13660559975587682700959797431238656 946142592895256232659571529744384
0036	8.000000000000000000e+04 1.291710751444522657e+03 3.500000000000000000e+00	3.24E+03	1483510821258400048548333848887296 657950954338600041154662587432960	13682359600435442354291974711803904	4226106970658000537703900216557568 233401316703350407475798361505792
0037	8.000000000000000000e+04 1.291710751444522657e+03 4.000000000000000000e+00	3.24E+03	575797169229888060489837941096448 195655071906941638178744416862208	7479753310247201158155456166756352	8700831336356161447210320337567744 555441881666280085046332219195392
0038	8.000000000000000000e+04 1.291710751444522657e+03 4.500000000000000000e+00	3.24E+03	242498548351067241472641296498688 65792703156784813093000182759424	4293658894568960929522313450225664	15026789413234402385036402317328384 1056668784115840240896045402292224
0039	8.000000000000000000e+04 1.626174978476519755e+03 3.500000000000000000e+00	4.08E+03	1595891027212264088782638287945728 701607020614656053336910436761600	15648093673127281041761956811243520	5102816711791920861875650309390336 284523380696471259322539615191040
0040	8.000000000000000000e+04 1.626174978476519755e+03 4.000000000000000000e+00	4.08E+03	603667197155968027788572186640384 204301060291348791144670585421824	8193967631048161313785463995105280	9917543456802881619075561152315392 642526747896248097585422244249600
0041	8.000000000000000000e+04 1.626174978476519755e+03 4.500000000000000000e+00	4.08E+03	250253712559596831805635930619904 67687386600343209566344352628736	4587400615940080325159661219086336	16489068775450400035598702609432576 1176198908178208236936418037858304
0042	8.000000000000000000e+04 2.047228290505137920e+03 3.500000000000000000e+00	5.14E+03	1712538457399016166169877711683584 745759484383816040149517019906048	17797584528657922940145278079991808	6120042827630401870168851421855744 344637416145999999745661176119296
0043	8.000000000000000000e+04 2.047228290505137920e+03 4.000000000000000000e+00	5.14E+03	632826064356312112400494976040960 213132749183718448870259574177792	8967630037167840459202284916572160	11271034019024161766681028505632768 740592165901384120187590730055680
0044	8.000000000000000000e+04 2.047228290505137920e+03 4.500000000000000000e+00	5.14E+03	257492742989152031500934156648448 69313835976844812846562476556288	4892146811857120505775876663672832	18019498130846164048161655454957568 1302484224631672300981669611962368
0045	8.000000000000000000e+04 2.577319587628865520e+03 3.500000000000000000e+00	6.47E+03	1840280072522008367619289489866752 793186377399656114854341120098304	20221200433543041757124819997949952	7322700320260320669792773347475456 416531322948448022068284702588928
0046	8.000000000000000000e+04 2.577319587628865520e+03 4.000000000000000000e+00	6.47E+03	666246175096856004407608427413504 222985940387198420183752980299776	9822719574234641537590723996549120	12797336696465201593766827924652032 852401215703544160094696899608576
0047	8.000000000000000000e+04 2.577319587628865520e+03 4.500000000000000000e+00	6.47E+03	264689011465988020532865434386432 70535392458368813357723188985856	5215164023936000971507850675224576	19648758432911122832615317849505792 1437809358083048146110217050914816
0048	8.000000000000000000e+04 3.244638181035417347e+03 3.500000000000000000e+00	8.15E+03	1975581283202632446638364244836352 842204134670504200279410897584128	22896065238251043464525739926224896	8718534186712641306445797511921664 500999636127416071966713471565824
0049	8.000000000000000000e+04 3.244638181035417347e+03 4.000000000000000000e+00	8.15E+03	699755996227720172246749050568704 232430052210819213446072596692992	10716354675675601107874368710508544	14445466083960800868910965171683328 974682458402392064149410302394368
0050	8.000000000000000000e+04 3.244638181035417347e+03 4.500000000000000000e+00	8.15E+03	267416805400984834092560470245376 70625700917957616729389237534720	5544460963337280713470584167596032	21328555588189682847231441874452480 1578744381275768051796765784932352
0051	8.000000000000000000e+04 4.084748052692324109e+03 3.500000000000000000e+00	1.03E+04	2119240511914736055091735730061312 892735007191416119820217636356096	25834708493963282223429103506161664	10326443415881441744669824446889984 599304281840072061506618010894336
0052	8.000000000000000000e+04 4.084748052692324109e+03 4.000000000000000000e+00	1.03E+04	737075518600840058565156055023616 242523069191088039524911122743296	11701883120267682749922652758999040	16289582770842164330791176727691264 1112633115943800108468844424593408
0053	8.000000000000000000e+04 4.084748052692324109e+03 4.500000000000000000e+00	1.03E+04	268394349620838449592255958220800 70614337601850405329479848165376	5904109918130160512056627688374272	23149377477051286141842685436100608 1732301656386512526084381660413952
0054	8.000000000000000000e+04 5.142416805961092905e+03 3.500000000000000000e+00	1.29E+04	2269828373105888269629078288465920 944243722966816098774524396306432	29060424998699522812789897159507968	12171397399739121343837222217973760 713347120361200059307932520546304
0055	8.000000000000000000e+04 5.142416805961092905e+03 4.000000000000000000e+00	1.29E+04	775812465141015993985468905553920 252156768972918423879209130655744	12744377662712960914532570866122752	18283007450679444235335689677307904 1263065479125064113912357626839040
0056	8.000000000000000000e+04 5.142416805961092905e+03 4.500000000000000000e+00	1.29E+04	267819904088156034587569070014464 70199875598572002441761113767936	6266988446974560728993236386840576	25008176764481679432018320991191040 1889581912695536377754123811946496
0057	8.000000000000000000e+04 6.473904288329098563e+03 3.500000000000000000e+00	1.63E+04	2424662526105520329656800024461312 995722535278776009804020111638528	32576534036901600378355972315283456	14267301248785281424795630642921472 844129917716040107066411819466752
0058	8.000000000000000000e+04 6.473904288329098563e+03 4.000000000000000000e+00	1.63E+04	816358571219312147746771907379200 261134386766875238378387019923456	13879004776016881694305616664723456	20481091434300082084077626221133824 1429944747198328152168233722445824
0059	8.000000000000000000e+04 6.473904288329098563e+03 4.500000000000000000e+00	1.63E+04	267101323861692838061744328802304 69722915356704008912134775767040	6656929610232161024813720150212608	26995112392752482178931782513065984 2058309214809392290307680189284352
0060	8.000000000000000000e+04 8.150200155073142014e+03 3.500000000000000000e+00	2.05E+04	2590659642007304237628195289956352 1049841823412488153986808032526336	36491196435832003967030056802320384	16680899493418006021770711633231872 996135203074248082475284072235008
0061	8.000000000000000000e+04 8.150200155073142014e+03 4.000000000000000000e+00	2.05E+04	849470676286424132761866016391168 267705971892449620789858718973952	15069760690197682859353110306881536	22832311054196967375702687083397120 1609721379053264231011933963157504
0062	8.000000000000000000e+04 8.150200155073142014e+03 4.500000000000000000e+00	2.05E+04	266023304004680803301706440900608 69125444157172808258617868288000	7074501573708320672476855764254720	29112726156256083727060568146706432 2237188742761128060789306001719296
0063	8.000000000000000000e+04 1.026044683521766638e+04 3.500000000000000000e+00	2.58E+04	2752545031686088461655673002786816 1100857132041128165103237163122688	40662131516443203410749701085986816	19362372963546244005580422560874496 1166677645418912226954792809791488
0064	8.000000000000000000e+04 1.026044683521766638e+04 4.000000000000000000e+00	2.58E+04	873342611150576169827806413324288 272915454258332043731527985528832	16329174956436720876599126647635968	25352814180627684908141129049833472 1803573571149408432607628141527040
0065	8.000000000000000000e+04 1.026044683521766638e+04 4.500000000000000000e+00	2.58E+04	263696814549048814984568957304832 68153282560738408588268070240256	7500924962362720826218482268897280	31281116000680807048750303767691264 2420165045204144201828384223789056
0066	1.000000000000000000e+05 1.026044683521766501e+03 3.500000000000000000e+00	1.56E+03	1393115641625624371010411318738944 614076592779432109582046415814656	10344863949360480928257757478387712	2887998750030256166515343706030080 160250567332519226988646954434560
0067	1.000000000000000000e+05 1.026044683521766501e+03 4.000000000000000000e+00	1.56E+03	573342094881464176412780174245888 192530459012096009565213485432832	6230984676992800804947565752614912	6555377448389920936456333996064768 406310319144656079970743902797824
0068	1.000000000000000000e+05 1.026044683521766501e+03 4.500000000000000000e+00	1.56E+03	247393147246926448124712431124480 66449383213927198718135329882112	3812841105917200871380765869342720	12606702117035202936273279112970240 871309175636656018511485730816000
0069	1.000000000000000000e+05 1.291710751444522657e+03 3.500000000000000000e+00	1.97E+03	1495585839795472094701299253116928 654410384267304069307567152562176	11902027001071600525536773925765120	3489973411155520457042470929170432 194860835917975228329854616207360
0070	1.000000000000000000e+05 1.291710751444522657e+03 4.000000000000000000e+00	1.97E+03	598075249492688080043051556274176 200423777221718403863180782600192	6829024042329361379941596358770688	7470991595459282297003279168569344 469209264144352062809317941706752
0071	1.000000000000000000e+05 1.291710751444522657e+03 4.500000000000000000e+00	1.97E+03	254777209474165616967374033911808 68302799877938414945950867914752	4058378444223040876226399667486720	13799371852876161530979651969613824 966578619810151959154502844547072
0072	1.000000000000000000e+05 1.626174978476519755e+03 3.500000000000000000e+00	2.47E+03	1606046243396488097618376903360512 696888254083824143440833285193728	13644292491476320337507727364325376	4203440145370480932164835704045568 236360563445372799135816194457600
0073	1.000000000000000000e+05 1.626174978476519755e+03 4.000000000000000000e+00	2.47E+03	623137342201752082327898087751680 208277024790331222434051740663808	7474609914535521004303002560888832	8495155314815841770030073529761792 540517063063376122899931714289664
0074	1.000000000000000000e+05 1.626174978476519755e+03 4.500000000000000000e+00	2.47E+03	261961815600260058771982445969408 70076374294564806539787949309952	4317192920296239910807512891260928	15060341099214081927394338023669760 1068011167798632208158209047789568
0075	1.000000000000000000e+05 2.047228290505137920e+03 3.500000000000000000e+00	3.11E+03	1722245121631640309054955264671744 740619079018480181319920670212096	15581977115461440451569959898710016	5042650943350640818354124448858112 285750618836048829504858003341312
0076	1.000000000000000000e+05 2.047228290505137920e+03 4.000000000000000000e+00	3.11E+03	650869814196008097460471717691392 216803100286344020074899387187200	8192861202900881394640840709636096	9658071104534001666609357250363392 622314996957152015835445308948480
0077	1.000000000000000000e+05 2.047228290505137920e+03 4.500000000000000000e+00	3.11E+03	268894036494920802871306291773440 71673518276895211708405585543168	4587310905549760986076356540366848	16387606323998479286324621134004224 1175672607221664050266060183568384
0078	1.000000000000000000e+05 2.577319587628865520e+03 3.500000000000000000e+00	3.92E+03	1851281556721584425229735681851392 788353977707752235074358150692864	17779732160984239570751608013717504	6040350097562800994532512334086144 345068026019535969056623687630848
0079	1.000000000000000000e+05 2.577319587628865520e+03 4.000000000000000000e+00	3.92E+03	680411445728384186818847423070208 225553750792791230633679117090816	8966045153605521759103694130905088	10948734490067841201762262654648320 714262166342464120194517423882240
0080	1.000000000000000000e+05 2.577319587628865520e+03 4.500000000000000000e+00	3.92E+03	275090632188957677460129388167168 72717448185585612268715305336832	4869988345448080613806719151112192	17784098066646484299627249797169152 1289700494011072086162563208839168
0081	1.000000000000000000e+05 3.244638181035417347e+03 3.500000000000000000e+00	4.94E+03	1984319075219800406372197014175744 836064953626272090373758719623168	20171411166915440783930753724448768	7187446955121202140605277022453760 414025412712176022519048159887360
0082	1.000000000000000000e+05 3.244638181035417347e+03 4.000000000000000000e+00	4.94E+03	710930920515248047360346997915648 234218279324531204095709921935360	9790543447573201084548830218682368	12364394352780882196856705885667328 816164198706952138581064344928256
0083	1.000000000000000000e+05 3.244638181035417347e+03 4.500000000000000000e+00	4.94E+03	277370472241623224666396276293632 72745856475853604739691759796224	5168783752140560247752463543697408	19259983504727679709485317943721984 1410642061547808261835067557412864
0084	1.000000000000000000e+05 4.084748052692324109e+03 3.500000000000000000e+00	6.21E+03	2129446563986808035284465045471232 886951677362120097643876510072832	22858446681243521601922529792884736	8531966478310481510433009306697728 495631964439936057196523372412928
0085	1.000000000000000000e+05 4.084748052692324109e+03 4.000000000000000000e+00	6.21E+03	746590800667448199077007150022656 243967406475240041672755852083200	10716803227627201262055405924646912	13973051168535681739127623570685952 932718928157040005401389530349568
0086	1.000000000000000000e+05 4.084748052692324109e+03 4.500000000000000000e+00	6.21E+03	277331298704516836565525460942848 72535635127870410014150170247168	5491771060756000357329250358919168	20846392143683124055929039561424896 1541266370546416381937612547424256
0087	1.000000000000000000e+05 5.142416805961092905e+03 3.500000000000000000e+00	7.82E+03	2283105510873248164055686169231360 939327593577280028805070501969920	25818560623705681284597782224568320	10081862988405680454653630255988736 590611345018064059544813732626432
0088	1.000000000000000000e+05 5.142416805961092905e+03 4.000000000000000000e+00	7.82E+03	782791933507912139080866451161088 253012008027302457002563001647104	11689204051769121619918880405192704	15707810889616964966327711581601792 1059736879464784148337442863185920
0089	1.000000000000000000e+05 5.142416805961092905e+03 4.500000000000000000e+00	7.82E+03	276107648980552052916906186768384 72035948253788002691904308248576	5827108499772161714428016492281856	22501728265867762118899693307035648 1678221242755272326088660021673984
0090	1.000000000000000000e+05 6.473904288329098563e+03 3.500000000000000000e+00	9.85E+03	2441456311173424718051406807826432 991664635289968159894386287575040	29054593823328723114279422589403136	11850264105856962563294958651965440 699983262549864256129748762099712
0091	1.000000000000000000e+05 6.473904288329098563e+03 4.000000000000000000e+00	9.85E+03	822025277541192193246726111363072 261758472048868065257628589096960	12754813971453521273631157149237248	17635896501837843164421553261641728 1201533122404576136761104696082432
0092	1.000000000000000000e+05 6.473904288329098563e+03 4.500000000000000000e+00	9.85E+03	274073017328094414175743523160064 71300622087798414965621506703360	6174467131091200977802455087579136	24222014710644081293528850893897728 1821168769037504335544161706967040
0093	1.000000000000000000e+05 8.150200155073142014e+03 3.500000000000000000e+00	1.24E+04	2604654462897224609328763634712576 1044016628734376036715731443777536	32595672253503202345060875024465920	13864262368540960777406276811358208 825667519388184107807802946224128
0094	1.000000000000000000e+05 8.150200155073142014e+03 4.000000000000000000e+00	1.24E+04	855041691525296105017612953452544 268426944395988044366946555133952	13890697030221924329785514518380544	19724982361219682746502603402641408 1356056279384432210946731947327488
0095	1.000000000000000000e+05 8.150200155073142014e+03 4.500000000000000000e+00	1.24E+04	272062906515657645544444723724288 70546755774476006743234068873216	6551669418923360584230296711331840	26077016258217602962845676733464576 1975096847094904210947553777156096
0096	1.000000000000000000e+05 1.026044683521766638e+04 3.500000000000000000e+00	1.56E+04	2771740064868224395689895558905856 1096189201398144082448962635694080	36457704556779206289904000095485952	16143265124230241998471429120589824 969063597622016271444341845655552
0097	1.000000000000000000e+05 1.026044683521766638e+04 4.000000000000000000e+00	1.56E+04	879484782541152142410751619891200 273834088655208855123014983876608	15085759043138083746790752517095424	21962509013117684007187838436114432 1522672396979424227925023153717248
0098	1.000000000000000000e+05 1.026044683521766638e+04 4.500000000000000000e+00	1.56E+04	269176923259063276185025874231296 69510600766280004027536860250112	6940384540179920689206913010761728	27990359462962564855726196987527168 2134156359478608213033475035365376
0099	1.200000000000000000e+05 1.026044683521766501e+03 3.500000000000000000e+00	1.07E+03	1411174343197040029744823393058816 617114784664936165271414945873920	9772750886826401886230048365608960	2653474857309368534680456669429760 149203031799245616094939233386496
0100	1.200000000000000000e+05 1.026044683521766501e+03 4.000000000000000000e+00	1.07E+03	586511580180440042482850408169472 195640419209856012101346408792064	6061880591239600324771766364798976	6145490675017841163416691594493952 380300286644544086197208394760192
0101	1.200000000000000000e+05 1.026044683521766501e+03 4.500000000000000000e+00	1.07E+03	253401949190560034816414145576960 67724167860374415651948346736640	3792835688875840681851232838483968	12512775338370162010229011778633728 853507643850824079239320185077760
0102	1.200000000000000000e+05 1.291710751444522657e+03 3.500000000000000000e+00	1.35E+03	1518246684390304263116153860128768 658854038934488074871323072921600	11263707670481361554233763221733376	3203498231400320561542014051549184 181089692934586442208963020718080
0103	1.200000000000000000e+05 1.291710751444522657e+03 4.000000000000000000e+00	1.35E+03	611214831328224094361092859363328 203510711752629611743284431945728	6627444795280320343936545050329088	6970198293229601252565881146310656 437006224365816053038252489179136
0104	1.200000000000000000e+05 1.291710751444522657e+03 4.500000000000000000e+00	1.35E+03	261390061379287242674769147985920 69738166123058414730750793351168	4037804861376320837277337547440128	13623629198239281535936112868982784 942317939921280191987523474423808
0105	1.200000000000000000e+05 1.626174978476519755e+03 3.500000000000000000e+00	1.70E+03	1631078432642112320208788541931520 701738595853792208090890957225984	12911807154513522202604970182705152	3850220435217200461203230735466496 219002200987721636085755587592192
0106	1.200000000000000000e+05 1.626174978476519755e+03 4.000000000000000000e+00	1.70E+03	637021520276944058591477491564544 211599299578515238861981834280960	7247822047806561218448599436754944	7909316562562801238242838563520512 502258571938240121355090970804224
0107	1.200000000000000000e+05 1.626174978476519755e+03 4.500000000000000000e+00	1.70E+03	268606066141993683742835118964736 71507853089437620913080501272576	4285136407488560305925615595290624	14761426078667842021749349452611584 1034713661258192090239662613856256
0108	1.200000000000000000e+05 2.047228290505137920e+03 3.500000000000000000e+00	2.14E+03	1755070153449728362567803724627968 747948417907624256444478982717440	14782926668881201572294168590417920	4622985737433680451179481835503616 264771844059716878980922759708672
0109	1.200000000000000000e+05 2.047228290505137920e+03 4.000000000000000000e+00	2.14E+03	665941159769768176265664227442688 220388824587434465665421884260352	7931684353215920164533792629850112	8975434841125681758446526914363392 577133854045655998252348004630528
0110	1.200000000000000000e+05 2.047228290505137920e+03 4.500000000000000000e+00	2.14E+03	275276631731554409960814627782656 72997643638018414617367259643904	4536833859263040468224269302628352	15938964662008161410607224241258496 1131816187740560159448330638721024
0111	1.200000000000000000e+05 2.577319587628865520e+03 3.500000000000000000e+00	2.70E+03	1888239247187080354349057501560832 796496690802464140141143814832128	16873477797971600735696069945458688	5532619191815040332440016456253440 319195549451248035535639852089344
0112	1.200000000000000000e+05 2.577319587628865520e+03 4.000000000000000000e+00	2.70E+03	697462400581872006445324583305216 229691193994349632400272704667648	8688092460930720757817678197948416	10184880419956481277253372231024640 662777373337816051464871423770624
0113	1.200000000000000000e+05 2.577319587628865520e+03 4.500000000000000000e+00	2.70E+03	281557256157857630422537030598656 73933622043690405957729582579712	4808297500371360853114719987302400	17216021971676800880621352577400832 1237539882732680067599256434769920
0114	1.200000000000000000e+05 3.244638181035417347e+03 3.500000000000000000e+00	3.39E+03	2026985336855992187855832348622848 845517438419656232358694696779776	19155530706931764849866682681786368	6581632689290241198982943918260224 382614814714800083373218479472640
0115	1.200000000000000000e+05 3.244638181035417347e+03 4.000000000000000000e+00	3.39E+03	730918395478544196134993402003456 239111084012584071524127028019200	9499164099813841002133655788716032	11521236297626641991503643802599424 758402668726248223952387665035264
0116	1.200000000000000000e+05 3.244638181035417347e+03 4.500000000000000000e+00	3.39E+03	282557527009925632693254278348800 73835538683607213748650277601280	5084067240215041219345171938803712	18540386560507524621211891186794496 1348532567982928126656466072371200
0117	1.200000000000000000e+05 4.084748052692324109e+03 3.500000000000000000e+00	4.27E+03	2176873457002647965874101069807616 897286314326984081682917165629440	21718317330666642159042307066691584	7812369534090320657552059515535360 457684469334576041493777113677824
0118	1.200000000000000000e+05 4.084748052692324109e+03 4.000000000000000000e+00	4.27E+03	766342038269568099476022453338112 248484025593217625623306222698496	10370790252162961308302574364917760	12992666119655281403853297734909952 864440350084488124737889050296320
0119	1.200000000000000000e+05 4.084748052692324109e+03 4.500000000000000000e+00	4.27E+03	281786316687808017500393751707648 73474902914520807024801857142784	5377270699244241121718177814806528	19958020051807602605354083418112000 1467383883425208166070696829517824
0120	1.200000000000000000e+05 5.142416805961092905e+03 3.500000000000000000e+00	5.38E+03	2334742811541440146856304269328384 950176570113312172344544593969152	24542759259501521785121956245274624	9232245785148401718442447031238656 545101264008728087422329354715136
0121	1.200000000000000000e+05 5.142416805961092905e+03 4.000000000000000000e+00	5.38E+03	805108888273184102821146348486656 257830652126024006417764543627264	11314334234085283276401034137698304	14618009068009602531141383201226752 982394561623568144020421530877952
0122	1.200000000000000000e+05 5.142416805961092905e+03 4.500000000000000000e+00	5.38E+03	280223561688433663423711052562432 72907933247698409001317730091008	5684020427211760953380338669715456	21456063956297844248249584414883840 1593426981824808256385731245637632
0123	1.200000000000000000e+05 6.473904288329098563e+03 3.500000000000000000e+00	6.77E+03	2505987985276944590532179872710656 1006233602677936106369069778731008	27714350495411366828401018196197376	10888209880065282072525261168967680 647876477505664071600725716631552
0124	1.200000000000000000e+05 6.473904288329098563e+03 4.000000000000000000e+00	6.77E+03	843953487281744138655590883786752 266096268455474417717297910120448	12349741655695281771962175317868544	16425942564128562779123296338182144 1114182115349992168209542715277312
0125	1.200000000000000000e+05 6.473904288329098563e+03 4.500000000000000000e+00	6.77E+03	278621932186587257073571014377472 72296706454984805925425357258752	6021570722522480995846846767169536	23095760567103365697644842306240512 1730277191911624106915128139579392
0126	1.200000000000000000e+05 8.150200155073142014e+03 3.500000000000000000e+00	8.52E+03	2677675730271360598343378177884160 1060412697738528098171103637143552	31129505441040001052419909662801920	12753707543306241354486533863768064 764685386394992083436380553740288
0127	1.200000000000000000e+05 8.150200155073142014e+03 4.000000000000000000e+00	8.53E+03	873249910413912103376080250863616 272163681187450436660997618925568	13423186282800961351691624345763840	18346671924343204443839951661957120 1255176945469592209745713538531328
0128	1.200000000000000000e+05 8.150200155073142014e+03 4.500000000000000000e+00	8.53E+03	276740705301576864144794050363392 71562277392898414832567334207488	6380352476875600265765250752577536	24837039243214560097562893603569664 1875353844790784340931157774303232
0129	1.200000000000000000e+05 1.026044683521766638e+04 3.500000000000000000e+00	1.07E+04	2852234207756016785868161428750336 1113987742837632159043835152826368	34859065401276800967637543338115072	14869736423247521896673719498047488 898219302386312039209200619880448
0130	1.200000000000000000e+05 1.026044683521766638e+04 4.000000000000000000e+00	1.07E+04	900390293832056070634087880065024 278470321626946422542433381253120	14618876268449361906887518129750016	20493082723139524822344882217549824 1413061251740104136459946108649472
0131	1.200000000000000000e+05 1.026044683521766638e+04 4.500000000000000000e+00	1.07E+04	274598720215369640960898273116160 70693282745332006308435762085888	6760216172953921017584880768253952	26676790024433681136410472589819904 2028363886520576581001048064262144
0132	1.400000000000000000e+05 1.026044683521766501e+03 3.500000000000000000e+00	7.15E+02	1427507614927967948558092392726528 620634422311824017513548611584000	9712345890677600722849281844707328	2755230362703000508465805623558144 160876446822318429120339571113984
0133	1.400000000000000000e+05 1.026044683521766501e+03 4.000000000000000000e+00	7.15E+02	597115348316264061384438161866752 198450447669312832310286722531328	6164090629277521331014243197124608	6565425012105761853684257457700864 402515569634120107223506892095488
0134	1.400000000000000000e+05 1.026044683521766501e+03 4.500000000000000000e+00	7.15E+02	260886188020323251063207653015552 69382912977391214829048808079360	3912120604538000409138531059892224	13808013953810321273354089396174848 897507599956440296096142744092672
0135	1.400000000000000000e+05 1.291710751444522657e+03 3.500000000000000000e+00	9.00E+02	1539657564213344186347292167503872 663683448280048091974013013721088	11179469613970883036162696027308032	3246050859875440661372119719870464 189061657253056020593679462825984
0136	1.400000000000000000e+05 1.291710751444522657e+03 4.000000000000000000e+00	9.00E+02	623307791943360037153756814508032 206730417661214425773413563891712	6737369926885761004496949988032512	7289567282768800348999935355518976 452119434788392082822992385540096
0137	1.400000000000000000e+05 1.291710751444522657e+03 4.500000000000000000e+00	9.00E+02	268408105214020815985834404610048 71301519191701611599046285197312	4165283326021040729218788284694528	14948860987509762346429777193205760 982262986384431989266441010413568
0138	1.400000000000000000e+05 1.626174978476519755e+03 3.500000000000000000e+00	1.13E+03	1658673348704544167002419442483200 708224657073928241233222797623296	12821977150339762223578907561426944	3833713723398320436656433828724736 223305309376737646662072768921600
0139	1.400000000000000000e+05 1.626174978476519755e+03 4.000000000000000000e+00	1.13E+03	651452931733088124957594405044224 215425148691028839016465908629504	7361066463853841636442874230865920	8104496468435680996935629302398976 508918073246328116115762642419712
0140	1.400000000000000000e+05 1.626174978476519755e+03 4.500000000000000000e+00	1.13E+03	275212937354427259836471005151232 72972524728728800795082404921344	4419791703358880358920652545064960	16092548850236002090142358132752384 1069308978111927985560870715392000
0141	1.400000000000000000e+05 2.047228290505137920e+03 3.500000000000000000e+00	1.43E+03	1789049458956600155674596989730816 755974507494920040719689648701440	14660591599948164716508932976148480	4533933223309361085277001767452672 264631297781548811935889982750720
0142	1.400000000000000000e+05 2.047228290505137920e+03 4.000000000000000000e+00	1.43E+03	681739159505120176261508211146752 224456592719177631665115602354176	8031262886471122110921925176852480	9015954034086880698153995369185280 573524506008448086350969280921600
0143	1.400000000000000000e+05 2.047228290505137920e+03 4.500000000000000000e+00	1.43E+03	282076978352444843622729571631104 74395630553838410560946671976448	4681147973824480843655062285713408	17260787456446479665819200209813504 1160631165111344183500866794291200
0144	1.400000000000000000e+05 2.577319587628865520e+03 3.500000000000000000e+00	1.80E+03	1931898303809480373323786455351296 807357628723872022620166172966912	16744025704739843278246117904482304	5371858172361600644772800959086592 314665174740088013133916997156864
0145	1.400000000000000000e+05 2.577319587628865520e+03 4.000000000000000000e+00	1.80E+03	715996567221984024608291887775744 234329819243162426870954196992000	8765093879288720708367794000887808	10058538286922481660611731975569408 648205415603504098197706828152832
0146	1.400000000000000000e+05 2.577319587628865520e+03 4.500000000000000000e+00	1.80E+03	285448892889939235896417327251456 74617215217928807679198396153856	4946092659902880832455512829198336	18435485210760002689883191069638656 1255694275387104231923440003579904
0147	1.400000000000000000e+05 3.244638181035417347e+03 3.500000000000000000e+00	2.26E+03	2080207521086504600137298144657408 858923161079808130631613917691904	19017675740473363581754763143806976	6342614306014320437305805654458368 373308856892272058047074507161600
0148	1.400000000000000000e+05 3.244638181035417347e+03 4.000000000000000000e+00	2.26E+03	753659979424664115601273601916928 244619002943597637367951332999168	9554395796787522231967533810843648	11236674939531600102122818442887168 733546909914920113887985038000128
0149	1.400000000000000000e+05 3.244638181035417347e+03 4.500000000000000000e+00	2.26E+03	285658815203288058765748421525504 74490125498308816236326862979072	5225271394578720295203139315826688	19653722407842163155379657491087360 1357841516151800086717497111216128
0150	1.400000000000000000e+05 4.084748052692324109e+03 3.500000000000000000e+00	2.85E+03	2241476899418424289604796793487360 913801997184896126607157385756672	21579983908793199804133410814820352	7491714695623200657963763449724928 443453411083480069935924009500672
0151	1.400000000000000000e+05 4.084748052692324109e+03 4.000000000000000000e+00	2.85E+03	794382515937256093658209463566336 254958723497246447365728673726464	10399288252821282341734370357805056	12558946285921523123201850052968448 830003521586984157072615257669632
0152	1.400000000000000000e+05 4.084748052692324109e+03 4.500000000000000000e+00	2.85E+03	285166305160431242525299296960512 74201557076112809280246623764480	5515305086483281067996706710224896	20901145385241763046044436262813696 1466379127053624477870431095750656
0153	1.400000000000000000e+05 5.142416805961092905e+03 3.500000000000000000e+00	3.58E+03	2412964291207792562895701478998016 970301601008432201227757575733248	24414682725588003416988046132772864	8828638739098721798094316413911040 525924172904656122085399387439104
0154	1.400000000000000000e+05 5.142416805961092905e+03 4.000000000000000000e+00	3.58E+03	836648071163352117870881406976000 264496732196068866562210471608320	11314095006377762733002545780752384	14047660309818482020300378838401024 939303670806528118580409742131200
0155	1.400000000000000000e+05 5.142416805961092905e+03 4.500000000000000000e+00	3.58E+03	284073931640968025601667934191616 73722503591804014598763214536704	5807611441609280085546885854527488	22147402127567203458175721963257856 1579623543100904031173577434726400
0156	1.400000000000000000e+05 6.473904288329098563e+03 3.500000000000000000e+00	4.51E+03	2592193689681776119291299982475264 1027770077047424170769226397646848	27547190134781760098814019095232512	10377847469534802350578421005811712 622416668732848030607020746866688
0157	1.400000000000000000e+05 6.473904288329098563e+03 4.000000000000000000e+00	4.51E+03	872615956988984104521966863515648 272040478918077630629633459224576	12287063996325042363824797047062528	15692141474774402808450357800206336 1060639964060672037938915272818688
0158	1.400000000000000000e+05 6.473904288329098563e+03 4.500000000000000000e+00	4.51E+03	283252184465636846936824221794304 73260196047021602110538610900992	6117650550555201047869986279784448	23459267068680002441086088362590208 1702158965238992368473996640911360
0159	1.400000000000000000e+05 8.150200155073142014e+03 3.500000000000000000e+00	5.68E+03	2776405005164864039206124754305024 1084969421915456105448148121419776	30979689089205604896185701269241856	12156565281872882240776082292736000 734270573730168028286155407491072
0160	1.400000000000000000e+05 8.150200155073142014e+03 4.000000000000000000e+00	5.68E+03	903554080264008051319692607881216 279225085044172072434241871282176	13353750440693283309908766790516736	17531383897115044133728029786505216 1196841268990840287997357484670976
0161	1.400000000000000000e+05 8.150200155073142014e+03 4.500000000000000000e+00	5.68E+03	282524334165507222148548652957696 72758714965132810528642446655488	6444585116344720900149794129838080	24845950475319681315951758886830080 1833665426409080042400270157611008
0162	1.400000000000000000e+05 1.026044683521766638e+04 3.500000000000000000e+00	7.15E+03	2965018110466320446050722287452160 1142004297734568098886173327360000	34749020655817600035377894221938688	14195951585017441341667875445800960 863710705576552052639568396025856
0163	1.400000000000000000e+05 1.026044683521766638e+04 4.000000000000000000e+00	7.15E+03	932772754391232127666049410662400 285975193846483242422790086721536	14498275600395841496751543158833152	19549478934290323294857552658956288 1346840031952224317337427070943232
0164	1.400000000000000000e+05 1.026044683521766638e+04 4.500000000000000000e+00	7.15E+03	281055177006700014063426583134208 71994382439606414561368162172928	6769665667400961729238087944372224	26287267509664244673841104968220672 1970192679090744312263212376522752
0165	1.600000000000000000e+05 1.026044683521766501e+03 3.500000000000000000e+00	4.82E+02	1441424686812944143654152021475328 623959687446352076762756828626944	10500960028517282701791000690425856	4319076838492960443075718729957376 279884157378389649081843094388736
0166	1.600000000000000000e+05 1.026044683521766501e+03 4.000000000000000000e+00	4.82E+02	610138306644384026968498504728576 201808606613624822161599012798464	6602056754819760610077574663503872	8384811534722240734983066270826496 507677079513568107482271769952256
0167	1.600000000000000000e+05 1.026044683521766501e+03 4.500000000000000000e+00	4.82E+02	268650024233250453888638086283264 70995307726076007801883952414720	4187322178576320349488701618782208	16377947505307362422653378921234432 1001365318829904145079313555783680
0168	1.600000000000000000e+05 1.291710751444522657e+03 3.500000000000000000e+00	6.06E+02	1555069809270320030689014054912000 667301767356288096310429088743424	12133539615024081243678532941381632	5039810114323840994795726699495424 325675629978696091121806502526976
0169	1.600000000000000000e+05 1.291710751444522657e+03 4.000000000000000000e+00	6.06E+02	636423451008144141247137357758464 210193836796835252958797425016832	7258706908498720578806718327160832	9354879888715840982858050001960960 571338562830984093021270536355840
0170	1.600000000000000000e+05 1.291710751444522657e+03 4.500000000000000000e+00	6.07E+02	276581020806807232891235646570496 73035022967318409451388518006784	4486655847610720053159540207648768	17868366026620401444471247277654016 1098312347302384293424528376201216
0171	1.600000000000000000e+05 1.626174978476519755e+03 3.500000000000000000e+00	7.63E+02	1681959175685272458009132199313408 714641940328152118148489235398656	14010460401299121685105275633139712	5900192564419520549048041546448896 380473726732496047815548225978368
0172	1.600000000000000000e+05 1.626174978476519755e+03 4.000000000000000000e+00	7.64E+02	663297693601672080435078993281024 218534510819520025782583803510784	7967688123197681241500967870922752	10432810035337520951476366564392960 642703178330544138053837217857536
0173	1.600000000000000000e+05 1.626174978476519755e+03 4.500000000000000000e+00	7.64E+02	282713025019813661643098539687936 74539167178350412340866515468288	4778812685419520748698297190842368	19349933122755203418975138564014080 1194571596115744032420593777246208
0174	1.600000000000000000e+05 2.047228290505137920e+03 3.500000000000000000e+00	9.61E+02	1812906442089032158778131864354816 762185456851408169529700257890304	16065546022749683876490362067353600	6888890776136240744215011773120512 443815242991104099192603232174080
0175	1.600000000000000000e+05 2.047228290505137920e+03 4.000000000000000000e+00	9.61E+02	695844623209768078707937041711104 228206187999919238755316607746048	8760817684016799930261475323543552	11668690275849280563897935767535616 724979567639360253095199071272960
0176	1.600000000000000000e+05 2.047228290505137920e+03 4.500000000000000000e+00	9.61E+02	288679663079996853441448334327808 75655463468565611546752676003840	5084097143678480999039606831710208	20898573687385921239735952549609472 1295558582498968134035743870812160
0177	1.600000000000000000e+05 2.577319587628865520e+03 3.500000000000000000e+00	1.21E+03	1955743325556536349257396912128000 812979479850592110348091885879296	18402890435610403015276199577387008	8057757355078961763925518849146880 518986569386576000027143266369536
0178	1.600000000000000000e+05 2.577319587628865520e+03 4.000000000000000000e+00	1.21E+03	729489009926112119863163138080768 237721171031892827266972112650240	9600536840875441259402927978577920	13016230048846003047136693585969152 815548187360088036366649508495360
0179	1.600000000000000000e+05 2.577319587628865520e+03 4.500000000000000000e+00	1.21E+03	290640433177757618083199967035392 75681479481758412995263054479360	5412706303420640619883567056420864	22546404040247122717935740867575808 1404341401801000217480999966081024
0180	1.600000000000000000e+05 3.244638181035417347e+03 3.500000000000000000e+00	1.52E+03	2114913480754968170319554807857152 868357703795128231861663268077568	21071834354557284532161835649990656	9440553311471441608398542731214848 608362040916048099517582616297472
0181	1.600000000000000000e+05 3.244638181035417347e+03 4.000000000000000000e+00	1.52E+03	768306695817576094565277733224448 248118007200712030091709876535296	10523477336487601679475633828134912	14534099949596962742630604435619840 918152951115416065719187143655424
0182	1.600000000000000000e+05 3.244638181035417347e+03 4.500000000000000000e+00	1.52E+03	289785194123373657017440133971968 75349850072208814512406116958208	5751034088780801851934410010525696	24238670939780161945930079175442432 1518737101190720224161550385020928
0183	1.600000000000000000e+05 4.084748052692324109e+03 3.500000000000000000e+00	1.92E+03	2284226890752248549508279204577280 925509203121656346091263472173056	24060565911531519755360605218799616	11049240030689682083285399915986944 712796896633904106528101982273536
0184	1.600000000000000000e+05 4.084748052692324109e+03 4.000000000000000000e+00	1.92E+03	812058453176640179991732849475584 259009446654828832294355326730240	11554010493556882650120253865984000	16260875445939763686576831877611520 1035568900312576015276625427955712
0185	1.600000000000000000e+05 4.084748052692324109e+03 4.500000000000000000e+00	1.92E+03	288423091363681661518840682512384 74875581142050410883054114439168	6102399784200800417400739426467840	25981953147941845796726865041293312 1639855099161752512360063745130496
0186	1.600000000000000000e+05 5.142416805961092905e+03 3.500000000000000000e+00	2.41E+03	2457771640826288307879413029011456 981823405471864143693223261372416	27330958190647120943757446432686080	12881395332195041433671285761638400 832356924159712026378097586601984
0187	1.600000000000000000e+05 5.142416805961092905e+03 4.000000000000000000e+00	2.41E+03	852634462718376113447470744207360 267681152017794450881378397454336	12619291475143443574272242181210112	18100506613305123300803662078541824 1161875149190448270984432809148416
0188	1.600000000000000000e+05 5.142416805961092905e+03 4.500000000000000000e+00	2.41E+03	287369293312056052954862125580288 74427627259719216587220004634624	6475774428712640552824804193861632	27817666961596563142102099886604288 1770551176472616219021402938802176
0189	1.600000000000000000e+05 6.473904288329098563e+03 3.500000000000000000e+00	3.04E+03	2643343563895896580184566889709568 1040718276716944182714041242746880	31019161660946404629058920831254528	15015156965956241614788383463178240 972206451629560348697766918094848
0190	1.600000000000000000e+05 6.473904288329098563e+03 4.000000000000000000e+00	3.04E+03	887875694382416034792716650938368 275555930080084060712038077300736	13796112375361201332934651899019264	20173295085112161892659711866568704 1304780810623864329460387107831808
0191	1.600000000000000000e+05 6.473904288329098563e+03 4.500000000000000000e+00	3.04E+03	286454247330792064125871260172288 73937509493937618390834720276480	6858329436500561076809152887521280	29688308020549206036680340007813120 1907703411540176611476203307532288
0192	1.600000000000000000e+05 8.150200155073142014e+03 3.500000000000000000e+00	3.83E+03	2836250806547336364738488968413184 1100046748181904197838302840094720	35111749667344809424292860703801344	17466254153742722038059907374120960 1133637308664056260844057132007424
0193	1.600000000000000000e+05 8.150200155073142014e+03 4.000000000000000000e+00	3.83E+03	919887351994936114248149683404800 283091602866964028057040294248448	15074694761665279943658501235015680	22465993627056961365025441315815424 1464073570022399996668706058928128
0194	1.600000000000000000e+05 8.150200155073142014e+03 4.500000000000000000e+00	3.83E+03	286251800883303258237742927052800 73550259642389612462859402346496	7270100128069360805656248824365056	31669262956132006727846638674509824 2056323624836976103555869102309376
0195	1.600000000000000000e+05 1.026044683521766638e+04 3.500000000000000000e+00	4.82E+03	3030835633497760356994608753803264 1158340559811840024491923431489536	39619098711656009211639954906546176	20255110961084003267501992846557184 1318078880815632127319174643974144
0196	1.600000000000000000e+05 1.026044683521766638e+04 4.000000000000000000e+00	4.82E+03	950598208947816121278063792095232 290156595139298414335186641616896	16440894295848561000962175835045888	24969122841229043532396217570951168 1639107512575752255391668388233216
0197	1.600000000000000000e+05 1.026044683521766638e+04 4.500000000000000000e+00	4.82E+03	285383404305005674490825638150144 72908830351601614641941763325952	7675800416559841445515886441005056	33607605456312804301029448066531328 2206247629139760539544663380459520
0198	1.800000000000000000e+05 1.026044683521766501e+03 3.500000000000000000e+00	3.46E+02	1459905027218864039552459445633024 629554625455976031300758563454976	10879418261813922278757144671027200	5396079977748000900098278274629632 362352227887856030266250844176384
0199	1.800000000000000000e+05 1.026044683521766501e+03 4.000000000000000000e+00	3.46E+02	624563737407840151807247247212544 205560893206076028159273608413184	6784796819901602088008090619215872	9441629836155280594927226516930560 569155609999864034426458858323968
0200	1.800000000000000000e+05 1.026044683521766501e+03 4.500000000000000000e+00	3.46E+02	276999968329601691003672311365632 72748547787563212654364604760064	4321917667519760266634116479320064	17819683188140082696264813503315968 1067966312603472106270992480862208
0201	1.800000000000000000e+05 1.291710751444522657e+03 3.500000000000000000e+00	4.35E+02	1572868350709808107283886572044288 672385356141088114313260605374464	12573479369153364429318641049141248	6280056260497841300867671562125312 420980958308320113274596869799936
0202	1.800000000000000000e+05 1.291710751444522657e+03 4.000000000000000000e+00	4.35E+02	648037956208240078106735167930368 213182388933028788687220217217024	7447009017780401432154785603125248	10478502527473840977652228124835840 636833128457272063010732138037248
0203	1.800000000000000000e+05 1.291710751444522657e+03 4.500000000000000000e+00	4.35E+02	284089780476591247190298980253696 74569070641790408208083522158592	4615868713134961002436270015643648	19315603946726084992875877214715904 1163962410938560256335037220257792
0204	1.800000000000000000e+05 1.626174978476519755e+03 3.500000000000000000e+00	5.48E+02	1698050229362336258976995965140992 719001865297704077637962306682880	14523813158173600129082688010190848	7331940490463281770663431666401280 490928149640824109205257705226240
0205	1.800000000000000000e+05 1.626174978476519755e+03 4.000000000000000000e+00	5.48E+02	674015094898568069220572564815872 221279349728677656442142923423744	8173274434347681579597910000009216	11646771037147761791788018915344384 713750817117640111601753167757312
0206	1.800000000000000000e+05 1.626174978476519755e+03 4.500000000000000000e+00	5.48E+02	290243913252543246943168604667904 76096539554305613638598307872768	4919538384368161043602297067667456	20869058968970645390850360984207360 1262207249724336182082913708277760
0207	1.800000000000000000e+05 2.047228290505137920e+03 3.500000000000000000e+00	6.90E+02	1830926269157976161555853808238592 767188306284920148250730029907968	16693578561916562540088465559650304	8553945523938880994853300551548928 572456952363640039335818239672320
0208	1.800000000000000000e+05 2.047228290505137920e+03 4.000000000000000000e+00	6.90E+02	705602123330240048834817218838528 230704921404965629208357903532032	8988831592746802212802755125313536	12995088300193920852925093163040768 802794360202928177702730301702144
0209	1.800000000000000000e+05 2.047228290505137920e+03 4.500000000000000000e+00	6.90E+02	295479411631618471333348249698304 77031022786805610589919333318656	5229487782923760360999083600510976	22468804552620321408889404172271616 1362981921517136377892657688477696
0210	1.800000000000000000e+05 2.577319587628865520e+03 3.500000000000000000e+00	8.68E+02	1979286322322848359726356197539840 819761585358784095370112688717824	19185942529250241007114348675465216	10003695334973521025570021381767168 669586391963104097619222166765568
0211	1.800000000000000000e+05 2.577319587628865520e+03 4.000000000000000000e+00	8.69E+02	739180722427016084670647092903936 240165779168112867714331108704256	9859530737729282430915164380332032	14485506821506962180585970733154304 901972187048032205092078319828992
0212	1.800000000000000000e+05 2.577319587628865520e+03 4.500000000000000000e+00	8.69E+02	296692894178013639093291172495360 76925463560862419414035776667648	5563120724523840440457005556039680	24199676823454403299853836327321600 1472930975893328228101783006740480
0213	1.800000000000000000e+05 3.244638181035417347e+03 3.500000000000000000e+00	1.09E+03	2136297447460912176533551250931712 873985535614536044944175038201856	21980480994645124189516238860320768	11688875113671280584515582762680320 782785952815223981380716166381568
0214	1.800000000000000000e+05 3.244638181035417347e+03 4.000000000000000000e+00	1.09E+03	778820753563080197922808504778752 250756389780023191877167368634368	10841082021683841091801478680543232	16201068519059761575849277035380736 1016502452023232229203902287839232
0215	1.800000000000000000e+05 3.244638181035417347e+03 4.500000000000000000e+00	1.09E+03	294893602782828880957548991086592 76415908543844804088121077530624	5912094142868641642388983650451456	26006713215670163239473675036000256 1589129854128480151307985216339968
0216	1.800000000000000000e+05 4.084748052692324109e+03 3.500000000000000000e+00	1.38E+03	2305494233950776723161076801208320 930574849828392323339208362033152	25131079999220084784134370246000640	13653293433971762047901401933152256 915243344122704085933723991670784
0217	1.800000000000000000e+05 4.084748052692324109e+03 4.000000000000000000e+00	1.38E+03	822372157717095972368217697943552 261321283413375230562891821219840	11909682287712241773387336852176896	18128227123914003144651123214778368 1145813998976824249711003936227328
0218	1.800000000000000000e+05 4.084748052692324109e+03 4.500000000000000000e+00	1.38E+03	292524052339843202034443007033344 75739193166197621592238506115072	6273298077760400361379183063990272	27883933036579608395373794297905152 1712248393803648227875150958166016
0219	1.800000000000000000e+05 5.142416805961092905e+03 3.500000000000000000e+00	1.73E+03	2489603877658168123901167869624320 990656888572040032556075221778432	28724160552316724826399135525502976	15971110885206163236876187733065728 1072045145016688147843182112014336
0220	1.800000000000000000e+05 5.142416805961092905e+03 4.000000000000000000e+00	1.73E+03	862580354658520079155096274862080 269832108143033622385123450159104	13046462450383840526217750222209024	20243747644976803973268401849106432 1288612007941856207772826550140928
0221	1.800000000000000000e+05 5.142416805961092905e+03 4.500000000000000000e+00	1.73E+03	290562086103544877910255355297792 75094175459796819223223243636736	6659979763503041612076171363614720	29887166052425209826669246959058944 1846637548849352396915309990117376
0222	1.800000000000000000e+05 6.473904288329098563e+03 3.500000000000000000e+00	2.18E+03	2676141682596888716680273485365248 1049061343016704110531496678260736	32650694626232802811190699582554112	18595827581725279697220795031879680 1250401362358224314907683478044672
0223	1.800000000000000000e+05 6.473904288329098563e+03 4.000000000000000000e+00	2.18E+03	897429850951496119491634028085248 277862085180576817251822858141696	14310631367309843867131575774740480	22652950080483842908751901556211712 1451466269836096182605984819052544
0224	1.800000000000000000e+05 6.473904288329098563e+03 4.500000000000000000e+00	2.18E+03	289797155508749648158567532855296 74668948209680011698410893606912	7084818268595121912797702475743232	32069969366228006112325997149814784 1995712294790440344991351359668224
0225	1.800000000000000000e+05 8.150200155073142014e+03 3.500000000000000000e+00	2.75E+03	2873023095539504737415110766624768 1109529136438728119517673710157824	37100629020739205921795122512527360	21666584338915442823573422078951424 1459773451979728028913667001024512
0226	1.800000000000000000e+05 8.150200155073142014e+03 4.000000000000000000e+00	2.75E+03	931077228014184311554529304772608 285855280958088851068914545721344	15699228595609684783342143940853760	25358854680242564217434152477130752 1635510125923920298602620044443648
0227	1.800000000000000000e+05 8.150200155073142014e+03 4.500000000000000000e+00	2.75E+03	288888987324076860540764400123904 74102875646760810308351545049088	7511869629981760898886975551963136	34271163310046406413562263906549760 2149586546613648386360459701256192
0228	1.800000000000000000e+05 1.026044683521766638e+04 3.500000000000000000e+00	3.46E+03	3071025888361120567141788779806720 1168534650498536121629916404908032	42005096059533608471859295904858112	25159338772170882968324668668248064 1698770902831240310697873306025984
0229	1.800000000000000000e+05 1.026044683521766638e+04 4.000000000000000000e+00	3.46E+03	962715092333704118410576582934528 293131690716944063612632539594752	17182589899550882762884165656379392	28323872790708884663484874764582912 1838294482549592469097854554603520
0230	1.800000000000000000e+05 1.026044683521766638e+04 4.500000000000000000e+00	3.46E+03	288047204828240857983575499210752 73463539598413604632091722514432	7959793608849520603173421194412032	36559974401744004549692337499930624 2312745823834976333450750245994496
