0000	6.000000000000000000e+04 1.026044683521766501e+03 3.500000000000000000e+00	4.90E+03	63386670488402399019692502024192 22609111603080802266055524220928	13134617860604961313140412772253696	4720620545565280576528281847726080 261291379949935234695674814529536
0001	6.000000000000000000e+04 1.026044683521766501e+03 4.000000000000000000e+00	4.90E+03	4544937697855280176902409551872 868139408512016063647415533568	5804292157167441481034520604966912	8838925530522080952877719018799104 589618550031856038226502227066880
0002	6.000000000000000000e+04 1.026044683521766501e+03 4.500000000000000000e+00	4.90E+03	792070978213344060490484023296 116435115596328026622220304384	3142764297153680092140206798405632	13488854288515199481859574830465024 943890862098224161952882524946432
0003	6.000000000000000000e+04 1.291710751444522657e+03 3.500000000000000000e+00	6.17E+03	49283898095464005408744714272768 16822312972025763915777693450240	14516098064606081627686264511660032	5684678303407440718343924741046272 319410854388016056219918126809088
0004	6.000000000000000000e+04 1.291710751444522657e+03 4.000000000000000000e+00	6.17E+03	3444819181361120946448066674688 635968918363856196409319489536	6112537058306960673711967566823424	9984766442616000975490676743471104 678007207267808202041186318286848
0005	6.000000000000000000e+04 1.291710751444522657e+03 4.500000000000000000e+00	6.17E+03	600078781543168063792419438592 86528960844618421548944982016	3247695550364640073781084898197504	14633379448217762280388369626169344 1039785288657615936957381636784128
0006	6.000000000000000000e+04 1.626174978476519755e+03 3.500000000000000000e+00	7.77E+03	38248024912932009296354269462528 12451772272952560947518303633408	15978556847602720262258183374897152	6814401248707200734741500683878400 388709140563872019334060052578304
0007	6.000000000000000000e+04 1.626174978476519755e+03 4.000000000000000000e+00	7.77E+03	2603009772408024674502241681408 465139402770168079332218503168	6405052737677041607887704782012416	11198876961743441867196008165801984 773186941050984083024958374019072
0008	6.000000000000000000e+04 1.626174978476519755e+03 4.500000000000000000e+00	7.77E+03	455953058801400094895837806592 64574735090873607841262862336	3351998830843360646613564122988544	15801976895989524129927458059190272 1138191606145968085384049689886720
0009	6.000000000000000000e+04 2.047228290505137920e+03 3.500000000000000000e+00	9.78E+03	29540883945790002091862509223936 9145166899611121827574710272000	17475075675457522764443963371814912	8112570403564481466351289943195648 469762478217992022381629584441344
0010	6.000000000000000000e+04 2.047228290505137920e+03 4.000000000000000000e+00	9.78E+03	1964035555968447990465887731712 340355240181392071619608838144	6686593845964640383857504607535104	12476562244144320169557783073521664 874446048951512082179948594331648
0011	6.000000000000000000e+04 2.047228290505137920e+03 4.500000000000000000e+00	9.78E+03	346868214518624000386984312832 48315324914642405431049191424	3450441032487840588319629277921280	16959330641507841192324676638998528 1235793520467784280130745628884992
0012	6.000000000000000000e+04 2.577319587628865520e+03 3.500000000000000000e+00	1.23E+04	22765117971847283187295987957760 6687640467185041076879630532608	19035946756635201561027512497078272	9615129731034162124908588760563712 565076777586648136969457303027712
0013	6.000000000000000000e+04 2.577319587628865520e+03 4.000000000000000000e+00	1.23E+04	1483059278960456004668405841920 249675080542032809430685319168	6951448821652721033574650472300544	13798115907411681560441349612765184 980080033553312218902005484093440
0014	6.000000000000000000e+04 2.577319587628865520e+03 4.500000000000000000e+00	1.23E+04	264087353781575225456933732352 36224756576581609715570573312	3541467175199200402034372166811648	18084568067291604278597898867834880 1330399107752912442225214462361600
0015	6.000000000000000000e+04 3.244638181035417347e+03 3.500000000000000000e+00	1.55E+04	17430100866443764134276386258944 4855574876070000538655892963328	20560215998562324839676693129986048	11291398277626802771308294071910400 673315353854072065047062955163648
0016	6.000000000000000000e+04 3.244638181035417347e+03 4.000000000000000000e+00	1.55E+04	1123452189016392071493516787712 184127585785456046947652599808	7208618607236721808668303124594688	15160577508664961332903047428308992 1089239636494688149393564210561024
0017	6.000000000000000000e+04 3.244638181035417347e+03 4.500000000000000000e+00	1.55E+04	201316096570768009580324585472 27224711185044799899276673024	3628247026102080370258735878111232	19178586277244002167894153105506304 1421206955181160192434400953106432
0018	6.000000000000000000e+04 4.084748052692324109e+03 3.500000000000000000e+00	1.95E+04	13282370873462003140841802039296 3509859214343121190024292335616	22047703980458247004695868272017408	13152888876766803904099180552912896 795402224040560104051256871354368
0019	6.000000000000000000e+04 4.084748052692324109e+03 4.000000000000000000e+00	1.95E+04	851408420717336165797983158272 136146880626707210974250663936	7424132868248800486450915323150336	16468405482213361234027088114089984 1194389184988760338655186784354304
0020	6.000000000000000000e+04 4.084748052692324109e+03 4.500000000000000000e+00	1.95E+04	153375761087663228995145564160 20473406244196000200285749248	3704112112849361198430545806098432	20184239752731201965328205149634560 1502592221279464300929026738880512
0021	6.000000000000000000e+04 5.142416805961092905e+03 3.500000000000000000e+00	2.46E+04	10111826258772561204514266284032 2538573789387512618560497123328	23529570111227446776144108487442432	15221161925594402327371927913496576 932668092269192034044398830354432
0022	6.000000000000000000e+04 5.142416805961092905e+03 4.000000000000000000e+00	2.46E+04	649168307126272213720793874432 101515081547574429350778372096	7644999849216641234711539198459904	17785952081379762169897259225841664 1298976548370160259736678250315776
0023	6.000000000000000000e+04 5.142416805961092905e+03 4.500000000000000000e+00	2.46E+04	116956033929452810282372956160 15429230224209924528648749056	3774833803884960719828397521371136	21114925245374324125256283211169792 1574339601111056278650452298432512
0024	6.000000000000000000e+04 6.473904288329098563e+03 3.500000000000000000e+00	3.09E+04	7675292057681361389672407760896 1834003335545952100633693650944	24880488975592881658676578307014656	17406925682277763319972338459475968 1079577827457224108395703224500224
0025	6.000000000000000000e+04 6.473904288329098563e+03 4.000000000000000000e+00	3.09E+04	496642701504208033701328584704 76110893216756812549952897024	7838594871527201140384234544824320	19014147131787441907695335216513024 1395023482593096381157713689706496
0026	6.000000000000000000e+04 6.473904288329098563e+03 4.500000000000000000e+00	3.09E+04	89277388169388823824029450240 11651465880907841603293413376	3835388317350960781681338506805248	21926565050062803642531037587701760 1632268590487024141312506600620032
0027	6.000000000000000000e+04 8.150200155073142014e+03 3.500000000000000000e+00	3.89E+04	5849356676571520927466080174080 1332961834569720091198231674880	26194357448756160869093642420092928	19747888414214722318979403968675840 1237788081479232054914435801677824
0028	6.000000000000000000e+04 8.150200155073142014e+03 4.000000000000000000e+00	3.89E+04	382232050382768036405519056896 57528582000506409200725786624	8026687656564801230028248356749312	20165280956910240982632921011585024 1482093397091344287676804154523648
0029	6.000000000000000000e+04 8.150200155073142014e+03 4.500000000000000000e+00	3.89E+04	68231330600316808078355857408 8820385383189280470629089280	3884041252367840326654089691660288	22584560859596562920881788286926848 1671818911232768339020611030351872
0030	6.000000000000000000e+04 1.026044683521766638e+04 3.500000000000000000e+00	4.90E+04	4451130533044000589910498082816 972128702624616227262353637376	27341813147875840524421130430185472	22101440504259926567671450973503488 1397164570575400056427413753561088
0031	6.000000000000000000e+04 1.026044683521766638e+04 4.000000000000000000e+00	4.90E+04	295299691816344022379894145024 43726040380505601931697192960	8185893695919360844369803354308608	21151257953453925084705251487907840 1553179910380912349526974462427136
0032	6.000000000000000000e+04 1.026044683521766638e+04 4.500000000000000000e+00	4.90E+04	52428845345448803171446030336 6722567712482959902067654656	3918041490299120599653814915563520	23056198284972245472766813458661376 1690344106833848192690946945581056
0033	8.000000000000000000e+04 1.026044683521766501e+03 3.500000000000000000e+00	2.58E+03	103348462891080821686248721612800 38901714623730406143406821605376	11060663153723760936907860699250688	3459023326495120771305196918669312 190598396239237645279445821423616
0034	8.000000000000000000e+04 1.026044683521766501e+03 4.000000000000000000e+00	2.58E+03	7694340563892641738472594341888 1547013816219584189747991412736	5326494618323120501078732434309120	7054346639349760431553643662016512 453420235448032011133323233460224
0035	8.000000000000000000e+04 1.026044683521766501e+03 4.500000000000000000e+00	2.58E+03	1320513022739648173266247352320 198090409969495244452678074368	2971710505584192371413498032291840	11736182392833362549248983822237696 808404249944272094145543520911360
0036	8.000000000000000000e+04 1.291710751444522657e+03 3.500000000000000000e+00	3.24E+03	80035423758622412942969445285888 29109496582204561471241355001856	12331530446460321046235286536716288	4170247300952080475522375622852608 232352303205875216985548975505408
0037	8.000000000000000000e+04 1.291710751444522657e+03 4.000000000000000000e+00	3.24E+03	5812186671515600579130994720768 1130557251929736108934053232640	5632317338924000244684383968034816	7986108656676721578010405509267456 521229329144576122413982995709952
0038	8.000000000000000000e+04 1.291710751444522657e+03 4.500000000000000000e+00	3.24E+03	1000321687955848143396812095488 147264689299064830057726869504	3068334576651520218516317798400000	12742045192564641957465584723558400 888599358197664093306075096285184
0039	8.000000000000000000e+04 1.626174978476519755e+03 3.500000000000000000e+00	4.08E+03	61994963299904815538883558113280 21670292368382003572116226572288	13699464381523123160874240207486976	5013465163033200816725059795156992 282615838763633621031447739498496
0040	8.000000000000000000e+04 1.626174978476519755e+03 4.000000000000000000e+00	4.08E+03	4377717530298800805455568306176 823915176430600083826148376576	5931471587177760693727860896038912	8991493000992961052351534303543296 595380947436744084913069660045312
0041	8.000000000000000000e+04 1.626174978476519755e+03 4.500000000000000000e+00	4.08E+03	760262664152216133301291712512 109988825982567199743311609856	3165311508587440002440779435868160	13779366435834802494371623545602048 971769861063336077571466045947904
0042	8.000000000000000000e+04 2.047228290505137920e+03 3.500000000000000000e+00	5.14E+03	47814142867388008575205380194304 15993418868932402982080640712704	15104209480080562710073120441499648	5982965351221440638719762133680128 341365977245664062761112839389184
0043	8.000000000000000000e+04 2.047228290505137920e+03 4.000000000000000000e+00	5.14E+03	3288902522984960476680015577088 599211581103408109333732392960	6224824563524161223955298146844672	10070380058444722041642299686912000 675845186861096046878554295631872
0044	8.000000000000000000e+04 2.047228290505137920e+03 4.500000000000000000e+00	5.14E+03	578213369075840119162269597696 82297919802492806236796354560	3256935720567600598190990913699840	14815969995982401401082197296807936 1055056987436424182628431993765888
0045	8.000000000000000000e+04 2.577319587628865520e+03 3.500000000000000000e+00	6.47E+03	36851234135649604360408267751424 11757264334558564157250999418880	16599113520909603273701360939302912	7117323333354401095399884682428416 411091882948712060451330210136064
0046	8.000000000000000000e+04 2.577319587628865520e+03 4.000000000000000000e+00	6.47E+03	2470100838802600512558506967040 436318444706696028746871209984	6522124797044641496885756432482304	11237362719190723105545353227665408 763489247857392248747700286128128
0047	8.000000000000000000e+04 2.577319587628865520e+03 4.500000000000000000e+00	6.47E+03	440107213524544058840840142848 61691144111354408745530556416	3346197558936000727797524445790208	15858703766135200109090603760877568 1138574370478000234245690681720832
0048	8.000000000000000000e+04 3.244638181035417347e+03 3.500000000000000000e+00	8.15E+03	28290650042827039311058803097600 8586330974844401202792931262464	18134177913138561961939337356509184	8415761619382642150102597191598080 492166153027240038988673435303936
0049	8.000000000000000000e+04 3.244638181035417347e+03 4.000000000000000000e+00	8.15E+03	1851861683912320051869409869824 317664492123120097051671527424	6789671084442320765846116368384000	12425457225125361972279553871052800 853253464411584078339178609246208
0050	8.000000000000000000e+04 3.244638181035417347e+03 4.500000000000000000e+00	8.15E+03	334404450956832054122094002176 46205635568950402843464957952	3423976467343440715010470498533376	16854847940248483094247092663615488 1218108612189368317534967005446144
0051	8.000000000000000000e+04 4.084748052692324109e+03 3.500000000000000000e+00	1.03E+04	21631896321325041744907780227072 6235619713826001326294905651200	19685180851381044284069095411810304	9882855439212481224957062660751360 585100136706072079023500808945664
0052	8.000000000000000000e+04 4.084748052692324109e+03 4.000000000000000000e+00	1.03E+04	1391479922175456276417347584000 232171985321332017845749415936	7054944708618561790049864554381312	13672042905548641113971128000315392 947222107925440234787052950913024
0053	8.000000000000000000e+04 4.084748052692324109e+03 4.500000000000000000e+00	1.03E+04	254718598685823268313444122624 34724200781162405779875037184	3503101031605680588305775890268160	17856464448171281504051809780498432 1296868354197640226838706107973632
0054	8.000000000000000000e+04 5.142416805961092905e+03 3.500000000000000000e+00	1.29E+04	16475552409975523218667706777600 4508455472458480287456069419008	21230502131569924653239048754692096	11525841430996400346248746301915136 690641420571208077236237498318848
0055	8.000000000000000000e+04 5.142416805961092905e+03 4.000000000000000000e+00	1.29E+04	1047706716122872089229903527936 170377973295744021405777264640	7293394926089122125846721425571840	14905530868985202209936841275080704 1039641752033104043263852850184192
0056	8.000000000000000000e+04 5.142416805961092905e+03 4.500000000000000000e+00	1.29E+04	193447000166532030219417550848 26037483879549923254845046784	3565868401366240488447963446640640	18759608850986162498299036063236096 1365813779504904036958424048599040
0057	8.000000000000000000e+04 6.473904288329098563e+03 3.500000000000000000e+00	1.63E+04	12512356689882003725412636557312 3254094891540800382819425583104	22736739585042721272641931536498688	13331053711942323348214515081674752 807976630417080131627062113861632
0058	8.000000000000000000e+04 6.473904288329098563e+03 4.000000000000000000e+00	1.63E+04	793619977619536012144791257088 126042799364965598831958818816	7522216228332000765980752549511168	16138929122031440508054736050585600 1130416705651568151101311419416576
0059	8.000000000000000000e+04 6.473904288329098563e+03 4.500000000000000000e+00	1.63E+04	147153747449702422489547669504 19574239002018642810808303616	3623791410049520913985807843328000	19600853084480242968150209718124544 1427441827308400087353884246278144
0060	8.000000000000000000e+04 8.150200155073142014e+03 3.500000000000000000e+00	2.05E+04	9498954775569762048876652527616 2350863768681944249936159703040	24238611132853284692384218603323392	15323641094803282503785823388827648 938738495347512131838173681549312
0061	8.000000000000000000e+04 8.150200155073142014e+03 4.000000000000000000e+00	2.05E+04	603260510053184167986553946112 93761113477582418344205615104	7717485844595201016678352573956096	17293113100425120170254773059059712 1213231357302304047637391317401600
0062	8.000000000000000000e+04 8.150200155073142014e+03 4.500000000000000000e+00	2.05E+04	111860782793911207475309182976 14716241945410000848815128576	3666643073159041116603271654408192	20311389279278081398327110547800064 1475036179719504398322462120476672
0063	8.000000000000000000e+04 1.026044683521766638e+04 3.500000000000000000e+00	2.58E+04	7204282605037920840669166829568 1698229650142976308489691856896	25604631246255922459835265418526720	17407912496571281814496212959625216 1076521693493656084009042105597952
0064	8.000000000000000000e+04 1.026044683521766638e+04 4.000000000000000000e+00	2.58E+04	461682562396504058983813742592 70355373608460015699375423488	7885214371030161254616605426450432	18346642020879763511224012162203648 1285582787095384100403307295539200
0065	8.000000000000000000e+04 1.026044683521766638e+04 4.500000000000000000e+00	2.58E+04	85456024576391203740444524544 11127587104902481127002865664	3708448115048160959464981965832192	20947077105085601309775776966508544 1511503453384584366396387415293952
0066	1.000000000000000000e+05 1.026044683521766501e+03 3.500000000000000000e+00	1.56E+03	144599094568023217550805409202176 55661409743312804553914874593280	9848675780500560544408471169138688	2867778028052128064387923457343488 160027188460622445610744928010240
0067	1.000000000000000000e+05 1.026044683521766501e+03 4.000000000000000000e+00	1.56E+03	11095291364387281465392714743808 2297327598085312160272092233728	5055987888044881136860730570571776	6087149017846400939852997179998208 386726540937800127605106221776896
0068	1.000000000000000000e+05 1.026044683521766501e+03 4.500000000000000000e+00	1.56E+03	1889390530529520235769308905472 286153119453951261236172685312	2903219612921217017290155666440192	10781574129438241389704291194765312 741420491838672128207411679854592
0069	1.000000000000000000e+05 1.291710751444522657e+03 3.500000000000000000e+00	1.97E+03	111571317267812022322415139815424 41751215654927999820227328081920	11054562847182002068225967486140416	3454328482735040771633780526940160 194327358130205648736083628785664
0070	1.000000000000000000e+05 1.291710751444522657e+03 4.000000000000000000e+00	1.97E+03	8320070536374641053561360744448 1667737088473208200583947747328	5346320614583840859520151500881920	6877736784273121060763969632862208 442637046531568017028433439621120
0071	1.000000000000000000e+05 1.291710751444522657e+03 4.500000000000000000e+00	1.97E+03	1425907779633928185424581230592 212028414278879246997950300160	2986028283879264612010897203789824	11663397362820401511573307697135616 810464598575288162479006067720192
0072	1.000000000000000000e+05 1.626174978476519755e+03 3.500000000000000000e+00	2.47E+03	85828920765488005971990649241600 31058933267321602339020474417152	12329257783238881648557170179964928	4144261191222720536088688950509568 235284038761532803800815877750784
0073	1.000000000000000000e+05 1.626174978476519755e+03 4.000000000000000000e+00	2.47E+03	6219621360885601690857959849984 1207214780458176271392559857664	5634231160584161133107777003061248	7739913442175201808201185639792640 504492360657208079249299310903296
0074	1.000000000000000000e+05 1.626174978476519755e+03 4.500000000000000000e+00	2.47E+03	1080483902399456079099050590208 157982688665229602947300589568	3068185059334320743583391030444032	12569591918906163093082985193275392 881452430435504144292488004239360
0075	1.000000000000000000e+05 2.047228290505137920e+03 3.500000000000000000e+00	3.11E+03	65879423200760802909369353109504 22931560649354322774281578086400	13667617192959521437392634858438656	4949053102783440927713154757033984 283781176733890452370670571487232
0076	1.000000000000000000e+05 2.047228290505137920e+03 4.000000000000000000e+00	3.11E+03	4646699183941600763251471155200 873249910413912093242981089280	5933265794984161310452009752592384	8691950007714482314358899160907776 573300230032648153375638749708288
0077	1.000000000000000000e+05 2.047228290505137920e+03 4.500000000000000000e+00	3.11E+03	819154545050952182418127192064 117904571789769619652139286528	3147100299352480429635395261562880	13488136605392642463350128187015168 953465951091712150083979557470208
0078	1.000000000000000000e+05 2.577319587628865520e+03 3.500000000000000000e+00	3.92E+03	50681286942015212603906862350336 16894200898135521654701142573056	15108485675352480029414925298302976	5897202218075520674095964725706752 341670992572752035018245115215872
0079	1.000000000000000000e+05 2.577319587628865520e+03 4.000000000000000000e+00	3.92E+03	3461834252058480256722805981184 630167646456496110397143646208	6222791128010241216754165540192256	9709534965114241831906823595098112 647487732480944053269310591729664
0080	1.000000000000000000e+05 2.577319587628865520e+03 4.500000000000000000e+00	3.92E+03	621148761882992105519337963520 88093510051799216039535837184	3222606544538480442709472654131200	14411196714858562002200573608198144 1025581143523616098589452510691328
0081	1.000000000000000000e+05 3.244638181035417347e+03 3.500000000000000000e+00	4.94E+03	38786885324120804719470946811904 12341548106712722057667985539072	16570226775226563951320406731784192	6973786708842401333092674252570624 408388609853736044943905000521728
0082	1.000000000000000000e+05 3.244638181035417347e+03 4.000000000000000000e+00	4.94E+03	2572409558269872418894569799680 454263513117040059870949146624	6496019073461521285752825581666304	10772154538454642763588528125247488 725359341625048106933982806933504
0083	1.000000000000000000e+05 3.244638181035417347e+03 4.500000000000000000e+00	4.94E+03	470782186321296033900576899072 65850416841224007686595543040	3295780319576160345795059297288192	15336469680619041379340265600319488 1097122189457472184090434165800960
0084	1.000000000000000000e+05 4.084748052692324109e+03 3.500000000000000000e+00	6.21E+03	29667734437702484340406615015424 8987485936892002236648403238912	18106965761408161831661783220224000	8217830594873279601091704168382464 486463562549232128151728091561984
0085	1.000000000000000000e+05 4.084748052692324109e+03 4.000000000000000000e+00	6.21E+03	1916871813430880238779823554560 328827455025272041259787091968	6778905837603920524265737049604096	11918234678256081023756964993171456 809038203369200092999656908259328
0086	1.000000000000000000e+05 4.084748052692324109e+03 4.500000000000000000e+00	6.21E+03	356858961653928087685074780160 49259377255443211578599538688	3369163418857920436123947101061120	16270115616142723634525985589690368 1168080117854248242094293133557760
0087	1.000000000000000000e+05 5.142416805961092905e+03 3.500000000000000000e+00	7.82E+03	22628219916218959913437567647744 6516622559771680419849179234304	19666251959023521928146741559820288	9624160576993040156232184401756160 575916783083648043958705967857664
0088	1.000000000000000000e+05 5.142416805961092905e+03 4.000000000000000000e+00	7.82E+03	1426966362239703995889506844672 238181684368868865347170598912	7029257633523600800482031417950208	13062700031031761957053880789368832 892193754503152043302642335612928
0089	1.000000000000000000e+05 5.142416805961092905e+03 4.500000000000000000e+00	7.82E+03	269926005018235241563886190592 36792922381941604446556389376	3433097023692640967721132335562752	17155557168601121310773220877533184 1233846804997840181681188899913728
0090	1.000000000000000000e+05 6.473904288329098563e+03 3.500000000000000000e+00	9.85E+03	17196405299660160673394437652480 4707044373163520273069541163008	21212888991603761827243867045363712	11187992101051281353916384668549120 676613705871504063163941232050176
0091	1.000000000000000000e+05 6.473904288329098563e+03 4.000000000000000000e+00	9.85E+03	1070678556737480160170259513344 174207709858504833430416523264	7273269895194000511696439609393152	14232134775779842249723164651159552 975681234081288026995089978949632
0092	1.000000000000000000e+05 6.473904288329098563e+03 4.500000000000000000e+00	9.85E+03	203850415097308026933285486592 27454250170410242766775779328	3485218760468560321521432448204800	17966210158996084639367109967609856 1291859524071440234532714127032320
0093	1.000000000000000000e+05 8.150200155073142014e+03 3.500000000000000000e+00	1.24E+04	13017964449725521438340993253376 3388540863167041261881077530624	22725705207033365319654647395254272	12908278545827602834388551469105152 788602176454304222389537517600768
0094	1.000000000000000000e+05 8.150200155073142014e+03 4.000000000000000000e+00	1.24E+04	808484989295560117664746569728 128506545717787228820591345664	7492910834160802222034700627607552	15369453200793361648739424520896512 1054659271372671999804385479622656
0095	1.000000000000000000e+05 8.150200155073142014e+03 4.500000000000000000e+00	1.24E+04	154325495086517614595109027840 20549959110602400656995123200	3532974591582240711053613811630080	18725399288810803190977514285563904 1342743257460944235010350813020160
0096	1.000000000000000000e+05 1.026044683521766638e+04 3.500000000000000000e+00	1.56E+04	9847150703865122088245893529600 2441306793856224358161153261568	24181316096902242522733268474789888	14768094551014960163390019451486208 910665123870040207053882598096896
0097	1.000000000000000000e+05 1.026044683521766638e+04 4.000000000000000000e+00	1.56E+04	614800256594680066201463291904 95641742293324034065039360000	7677923562464081944721828333223936	16430786925205841677266887194443776 1125413856218056172380281647398912
0098	1.000000000000000000e+05 1.026044683521766638e+04 4.500000000000000000e+00	1.56E+04	116849876634240813188098555904 15392239639934644696230395904	3563416317364160683220980822179840	19345926058654242963961743136522240 1379443778140856156437049952436224
0099	1.200000000000000000e+05 1.026044683521766501e+03 3.500000000000000000e+00	1.07E+03	165382599728092025326003095076864 64134855143671210549324499910656	9396894254849041589423813777424384	2635888630460304508006178341519360 149049327997164016440741547999232
0100	1.200000000000000000e+05 1.026044683521766501e+03 4.000000000000000000e+00	1.07E+03	12918714854568162797170370543616 2708673660473264352227953213440	5003746537415200358439681672609792	5701274725616640658434778629931008 362346247195168016681288635252736
0101	1.200000000000000000e+05 1.026044683521766501e+03 4.500000000000000000e+00	1.07E+03	2224877486862880399016457142272 338492254409080087924229275648	2940123477152520535914441454125056	10724817355829119866239187565936640 726492682889424087210936032559104
0102	1.200000000000000000e+05 1.291710751444522657e+03 3.500000000000000000e+00	1.35E+03	127639943347296024548249754927104 48200794649667207740364924387328	10579905171998882167537439814451200	3172817277910880622436910987476992 180694070113275222666360163139584
0103	1.200000000000000000e+05 1.291710751444522657e+03 4.000000000000000000e+00	1.35E+03	9625326812067202264867859857408 1953500565798536321446149357568	5278140717940640482432587088789504	6412917348561761313599311958769664 412847216252640084470066443190272
0104	1.200000000000000000e+05 1.291710751444522657e+03 4.500000000000000000e+00	1.35E+03	1672668169594464453134594867200 249829980482652053854236966912	3024436292321600232603852791087104	11539268086080961733220914012618752 790297702831352038501057623490560
0105	1.200000000000000000e+05 1.626174978476519755e+03 3.500000000000000000e+00	1.70E+03	97952382913332814445082168000512 35850365214312808837674128375808	11808399257040962008122873947881472	3799025705807920618998687640584192 218159820422616817758551658201088
0106	1.200000000000000000e+05 1.626174978476519755e+03 4.000000000000000000e+00	1.70E+03	7160802969196161202221706379264 1407242037754680393061801918464	5557857714958401167826812378546176	7205269419331441118618493768433664 469642864364232110970355595608064
0107	1.200000000000000000e+05 1.626174978476519755e+03 4.500000000000000000e+00	1.70E+03	1260523684732663986691451650048 185145200646319216219396243456	3100092054824800297071609255034880	12345196329252402976605942604365824 854087771041560099943961767968768
0108	1.200000000000000000e+05 2.047228290505137920e+03 3.500000000000000000e+00	2.14E+03	75237413049674413118135572889600 26544437295248244115869267918848	13130341665333041687955598701756416	4541139957998401026025022872879104 263170214557870436601985702559744
0109	1.200000000000000000e+05 2.047228290505137920e+03 4.000000000000000000e+00	2.14E+03	5323145430417841045015220977664 1012967862644624238290671763456	5842568590370640802758307595943936	8080125145732081843137977522323456 532876728154456061933278917033984
0110	1.200000000000000000e+05 2.047228290505137920e+03 4.500000000000000000e+00	2.14E+03	950463643362336268228176642048 137434822797068026663848116224	3167255233711040094097855060377600	13145442914370242267031166483693568 918027356568968068665356907970560
0111	1.200000000000000000e+05 2.577319587628865520e+03 3.500000000000000000e+00	2.70E+03	57786349855359210637946567786496 19562995299765201084566068002816	14524291613588643521722673937776640	5406516286488561259196864557744128 316372662502512036559346615713792
0112	1.200000000000000000e+05 2.577319587628865520e+03 4.000000000000000000e+00	2.70E+03	3955988985404480754968149622784 728932805506127986865184178176	6133469482714960951298009918865408	9038321824740001930287958649208832 602515913813528078814326372171776
0113	1.200000000000000000e+05 2.577319587628865520e+03 4.500000000000000000e+00	2.70E+03	718293153214176119515103887360 102358957285851216312063229952	3236362137720880559241928793653248	13982171724884884874142046924832768 984610408264472277332525357989888
0114	1.200000000000000000e+05 3.244638181035417347e+03 3.500000000000000000e+00	3.39E+03	44255929752662403858230832791552 14323400146198720174892597116928	15946739562502564083078535952990208	6392941834983840903764213820817408 377863154374184098759849178824704
0115	1.200000000000000000e+05 3.244638181035417347e+03 4.000000000000000000e+00	3.39E+03	2932276808345864591734544007168 523881766351704126594970812416	6410584878413441203610821209358336	10050225124086160647797582977826816 676335603661512152039138896379904
0116	1.200000000000000000e+05 3.244638181035417347e+03 4.500000000000000000e+00	3.39E+03	541545742205712061346630074368 76110893216756812549952897024	3294614084502000867261566226006016	14800480001920482533057471300239360 1049710248173352143348015587917824
0117	1.200000000000000000e+05 4.084748052692324109e+03 3.500000000000000000e+00	4.27E+03	33815434527220802743900596862976 10432002641824641909738237329408	17443826556162725858223092735672320	7533998192927361587622450475040768 449897607454800080041114425360384
0118	1.200000000000000000e+05 4.084748052692324109e+03 4.000000000000000000e+00	4.27E+03	2174343623995624425395373211648 377232191295600033514722951168	6674213812100481662484099610181632	11102438292149438694232126904074240 752876508682536209468669219045376
0119	1.200000000000000000e+05 4.084748052692324109e+03 4.500000000000000000e+00	4.27E+03	408194237341376003690050093056 56622806092908807679576637440	3350114912646640690806110587715584	15625426847839764318526653815848960 1114035588379136123608344748359680
0120	1.200000000000000000e+05 5.142416805961092905e+03 3.500000000000000000e+00	5.38E+03	25755374605456965477539822698496 7558877874509440058673242046464	18965314775989920802252213157101568	8826336172413841467800260557406208 532544799710272100601410738978816
0121	1.200000000000000000e+05 5.142416805961092905e+03 4.000000000000000000e+00	5.38E+03	1617648787211208142416039116800 272954627795438421699299639296	6924834739191121108871812621533184	12188681601607443134429106284789760 831208631163616156253926914523136
0122	1.200000000000000000e+05 5.142416805961092905e+03 4.500000000000000000e+00	5.38E+03	307129501953208041003840176128 42075070163983213969270636544	3397691322979680672789425683431424	16421696272320084086554421767438336 1174557208035352110743993584713728
0123	1.200000000000000000e+05 6.473904288329098563e+03 3.500000000000000000e+00	6.77E+03	19591403590033200310941963517952 5466083985661041691618824945664	20539971353813445259670176349028352	10298722905272561900822363310653440 627793311459360137812248197332992
0124	1.200000000000000000e+05 6.473904288329098563e+03 4.000000000000000000e+00	6.77E+03	1210955703734520126378736615424 199107725795724032861011968000	7169594587447521077054616169873408	13303542525577520809306593588936704 910108919450056240689089850900480
0125	1.200000000000000000e+05 6.473904288329098563e+03 4.500000000000000000e+00	6.77E+03	231468057791954464567296262144 31332549957797609391167373312	3446404064923440353611798957522944	17215094964310161945486347863064576 1231870186064456303537197278035968
0126	1.200000000000000000e+05 8.150200155073142014e+03 3.500000000000000000e+00	8.52E+03	14837739717366722049339075592192 3937508644998560638393460457472	22050574712948484302105691700592640	11903701595024242023483183210692608 732784371597200111187560310505472
0127	1.200000000000000000e+05 8.150200155073142014e+03 4.000000000000000000e+00	8.53E+03	910910332270248160554983096320 146255148373330401494883631104	7372459683424480710370900121223168	14361556965548161080400186406076416 982819190804416243861609909321728
0128	1.200000000000000000e+05 8.150200155073142014e+03 4.500000000000000000e+00	8.53E+03	174718461014060034415940075520 23383910340811205435174420480	3486833547494321107157467340472320	17944410534148322680191923473350656 1281001576496376214730984797503488
0129	1.200000000000000000e+05 1.026044683521766638e+04 3.500000000000000000e+00	1.07E+04	11204289488626080002269578788864 2831792200148432482838314483712	23507531258672159661884415208849408	13647043610112803127825829648662528 847825985797224143892148534640640
0130	1.200000000000000000e+05 1.026044683521766638e+04 4.000000000000000000e+00	1.07E+04	692926045178024210275319676928 108849803060137606588791783424	7578105801501360607856712036122624	15423159821131602584942076936323072 1052527154429400200796940653297664
0131	1.200000000000000000e+05 1.026044683521766638e+04 4.500000000000000000e+00	1.07E+04	132390706584008823646455857152 17530307372431204975781085184	3516826721324640348683044833460224	18579769421858001556237292249546752 1319173347577536307524249663307776
0132	1.400000000000000000e+05 1.026044683521766501e+03 3.500000000000000000e+00	7.15E+02	180182720888451214073595907014656 70381389621652805818517989359616	9407988439785280560564481525022720	2738974839977016478026669188186112 160759225245633618659539110854656
0133	1.400000000000000000e+05 1.026044683521766501e+03 4.000000000000000000e+00	7.15E+02	14469030013151520854869698150400 3071205309141760591884686721024	5188968589962560844830862842265600	6142380714820081016765370595278848 385984935044488028336861149659136
0134	1.400000000000000000e+05 1.026044683521766501e+03 4.500000000000000000e+00	7.15E+02	2561623379007064499061992194048 390443541443392129787517468672	3093274065160480374655003274510336	12015420934436082147846232398102528 770068009814192060111382137274368
0135	1.400000000000000000e+05 1.291710751444522657e+03 3.500000000000000000e+00	9.00E+02	139564248428630423796303049785344 53138753567514413804220271558656	10601046920650962055906031023685632	3218240638876240325519849298067456 188751259302548814492802987589632
0136	1.400000000000000000e+05 1.291710751444522657e+03 4.000000000000000000e+00	9.00E+02	10717879752311043202945445265408 2201911626940960226819272867840	5479779771916561077826508183044096	6762189801540961465397143589093376 429981900803760094286014528356352
0137	1.400000000000000000e+05 1.291710751444522657e+03 4.500000000000000000e+00	9.00E+02	1911746359797264321588840366080 286292768628216026094664417280	3187858720021200489202104376754176	12883219443464882983011374117945344 831728951427472185224134484033536
0138	1.400000000000000000e+05 1.626174978476519755e+03 3.500000000000000000e+00	1.13E+03	106874380265291203484743167377408 39482140849100803207858527141888	11852447058688083774811274936844288	3787094223895360322424062947098624 222607661574682425626021721014272
0139	1.400000000000000000e+05 1.626174978476519755e+03 4.000000000000000000e+00	1.13E+03	7935093348048081683987566690304 1577877180836008212179869237248	5770650760797441446671775613059072	7440340545433282137592610997403648 479026571191704096728226170142720
0140	1.400000000000000000e+05 1.626174978476519755e+03 4.500000000000000000e+00	1.13E+03	1429412465549096240143289810944 210627437016715216958817042432	3272724749263920145463827356450816	13722519951835362784744719844900864 892424011171640133978123151605760
0141	1.400000000000000000e+05 2.047228290505137920e+03 3.500000000000000000e+00	1.43E+03	82053309471553597433279265374208 29261794921504480995420667904000	13178217110300480619804767333384192	4459174564709360752710567428358144 263262616259900059139907331817472
0142	1.400000000000000000e+05 2.047228290505137920e+03 4.000000000000000000e+00	1.43E+03	5869631224783840503339813961728 1129752848763200217178575994880	6053298297232320141786198724050944	8172616558152001814634323928678400 532921583349616091762901446033408
0143	1.400000000000000000e+05 2.047228290505137920e+03 4.500000000000000000e+00	1.43E+03	1070887880981560134618478280704 155431026129894422393225478144	3350653174988560760531204783996928	14541336587749442463073060433952768 953014408793767989110461238870016
0144	1.400000000000000000e+05 2.577319587628865520e+03 3.500000000000000000e+00	1.80E+03	63052349767143210636561229021184 21598583863052883358437882200064	14599678244920882686636754848448512	5255832734214401115530502808272896 312195148659944023036859670069248
0145	1.400000000000000000e+05 2.577319587628865520e+03 4.000000000000000000e+00	1.80E+03	4354811477303761309539961405440 811340770054080040487744438272	6334301143178001730334665870409728	8979681132934161603936906091954176 592803268888216066459474686115840
0146	1.400000000000000000e+05 2.577319587628865520e+03 4.500000000000000000e+00	1.80E+03	801622144436080060709826723840 114701611820711225110703374336	3418085485045760304189621535768576	15314371021136881623220730176995328 1012013942160887977637741724696576
0147	1.400000000000000000e+05 3.244638181035417347e+03 3.500000000000000000e+00	2.26E+03	48269572615579201837843741671424 15815941813416002470133777825792	16046706840782482012572817500930048	6167679044890321411541036303384576 369089478200888057516243155943424
0148	1.400000000000000000e+05 3.244638181035417347e+03 4.000000000000000000e+00	2.26E+03	3223892393466400008294625181696 581858601269176116514071248896	6599694381208001873316153628033024	9850051339818800786646017704460288 657735649401832128556775369605120
0149	1.400000000000000000e+05 3.244638181035417347e+03 4.500000000000000000e+00	2.26E+03	600673860465624051468422086656 84781103406550423800085741568	3480165075147200083213035824480256	16058967260792881615168482926657536 1070863958210808058886531214999552
0150	1.400000000000000000e+05 4.084748052692324109e+03 3.500000000000000000e+00	2.85E+03	36842562131252005378771350716416 11509334719177519619140407525376	17577166099641684651908700632514560	7231943308719920602710201405014016 436432077867768045918573115211776
0151	1.400000000000000000e+05 4.084748052692324109e+03 4.000000000000000000e+00	2.85E+03	2391717880433672430034872172544 418947522794400058222718222336	6846098919953601253907922354700288	10772333959235281441755137482686464 726408953191792041136653183483904
0152	1.400000000000000000e+05 4.084748052692324109e+03 4.500000000000000000e+00	2.85E+03	450187671050168105030134005760 62718926149787213468461432832	3532436329240320641328519615348736	16742560435031283696925266690441216 1126983788048655991437971517603840
0153	1.400000000000000000e+05 5.142416805961092905e+03 3.500000000000000000e+00	3.58E+03	28000137895507444152824504516608 8319322949788641607240898314240	19137259690769922258907914901127168	8447309773311841464953835184193536 514462175368104027239179639324672
0154	1.400000000000000000e+05 5.142416805961092905e+03 4.000000000000000000e+00	3.58E+03	1777165822585544454168429723648 302563243085920050526759682048	7075608001855600591621479049723904	11743508741376160455853239892443136 797973921896400180977483674288128
0155	1.400000000000000000e+05 5.142416805961092905e+03 4.500000000000000000e+00	3.58E+03	337095762666432017126846889984 46380570830074405364585988096	3566316953317840066168248357355520	17317364809274962511117694481203200 1176853794027544139222711080583168
0156	1.400000000000000000e+05 6.473904288329098563e+03 3.500000000000000000e+00	4.51E+03	21204127276815843758725224464384 5986523863370801615092064452608	20711796654739682985862120094040064	9821882277258320788617519354085376 603912405556176080368864487014400
0157	1.400000000000000000e+05 6.473904288329098563e+03 4.000000000000000000e+00	4.51E+03	1325805935768528351490782265344 219832022098181630331843510272	7278174063198161275071909465161728	12727542012796241583964733227139072 869114261420160076861937710792704
0158	1.400000000000000000e+05 6.473904288329098563e+03 4.500000000000000000e+00	4.51E+03	253373540900292048537887178752 34449986021417605827554967552	3590628469094560813498534958465024	17816662938332643041618301789667328 1222073811441512100992874667048960
0159	1.400000000000000000e+05 8.150200155073142014e+03 3.500000000000000000e+00	5.68E+03	15975566501258721522213212651520 4286511966806800237414787842048	22253499615852325800653854651449344	11348753120504722194505104772562944 704519617953712039914854693208064
0160	1.400000000000000000e+05 8.150200155073142014e+03 4.000000000000000000e+00	5.68E+03	996353498357360195520436371456 161221532790416023266464366592	7470453333117360497895928062017536	13728440837596482975260003700572160 938995665133096139530796361842688
0161	1.400000000000000000e+05 8.150200155073142014e+03 4.500000000000000000e+00	5.68E+03	191247899465154423215760605184 25712971494299041827349594112	3602500144080240397762785259290624	18227955174486402836589925619466240 1260069152088376081260130521317376
0162	1.400000000000000000e+05 1.026044683521766638e+04 3.500000000000000000e+00	7.15E+03	11981570213822000521117102505984 3058526240643200772428405932032	23742542577847123427312671865700352	13023347073144721342958400798982144 816059536584912044959413764620288
0163	1.400000000000000000e+05 1.026044683521766638e+04 4.000000000000000000e+00	7.15E+03	753163581931560135341415333888 119179655470851231382373400576	7637763211064160361347578593280000	14697791508467522745861026967715840 1003437628846296240582700520439808
0164	1.400000000000000000e+05 1.026044683521766638e+04 4.500000000000000000e+00	7.15E+03	144705251863235219289416925184 19249846230621519885941866496	3590449048313920982410420994179072	18525554442641283212307742047862784 1286061242510424178393967478439936
0165	1.600000000000000000e+05 1.026044683521766501e+03 3.500000000000000000e+00	4.82E+02	191693461070410461110550774415360 75249673469684821151469740752896	10240351344637681897564234003251200	4303078485552560708559581126590464 279784279810500045591515722940416
0166	1.600000000000000000e+05 1.026044683521766501e+03 4.000000000000000000e+00	4.82E+02	15804399076528160300378724761600 3380915479989840604372882423808	5672507593787361607753068600885248	7964129611048320940668609657569280 491594996875536038661475165798400
0167	1.600000000000000000e+05 1.026044683521766501e+03 4.500000000000000000e+00	4.82E+02	2906129219913928244974481047552 442155600770183999799286562816	3380377217647920831885363633979392	14527341766859519497299106723790848 869051464146936078335022592950272
0168	1.600000000000000000e+05 1.291710751444522657e+03 3.500000000000000000e+00	6.06E+02	147877710299584817674744521293824 56618918642661605168464428793856	11615402303999203460946399493881856	5013435259569760460569872598827008 325397527768704035881816091000832
0169	1.600000000000000000e+05 1.291710751444522657e+03 4.000000000000000000e+00	6.06E+02	11656968118180802688352027410432 2415102388843752269653517271040	6046869052592721390622512475275264	8837161226179121268769509661999104 550125045866648113690726857965568
0170	1.600000000000000000e+05 1.291710751444522657e+03 4.500000000000000000e+00	6.07E+02	2153240749846016377631056855040 321943677741384057228789547008	3514344733859120763761627316092928	15747702109845921614923019644305408 943074497546312181102985992994816
0171	1.600000000000000000e+05 1.626174978476519755e+03 3.500000000000000000e+00	7.63E+02	113142445236949617035323142832128 42086433480090411858381143801856	13114433022782963598365774990802944	5855905535064880544804161414234112 379860705731976024451208531935232
0172	1.600000000000000000e+05 1.626174978476519755e+03 4.000000000000000000e+00	7.64E+02	8568837448732001548815153758208 1718964711692272250361971998720	6424579699303360710620261098979328	9788181073961442347787409183211520 614390579145552102216622005026816
0173	1.600000000000000000e+05 1.626174978476519755e+03 4.500000000000000000e+00	7.64E+02	1599317964122488309170409832448 235404549719196035413029421056	3633420325277200303805624376885248	16941956729249203521414001714003968 1014373325426304292873750490120192
0174	1.600000000000000000e+05 2.047228290505137920e+03 3.500000000000000000e+00	9.61E+02	86569629554896827542017650196480 31125019921524002032625328848896	14671805398738163959348844902219776	6818109278173761086967537968611328 442589200990064124521517882015744
0175	1.600000000000000000e+05 2.047228290505137920e+03 4.000000000000000000e+00	9.61E+02	6330981858736161045159272775680 1229717136696776268957100277760	6826601861790721930869800930639872	10855046939110320819116483677257728 686736028245944141397575774240768
0176	1.600000000000000000e+05 2.047228290505137920e+03 4.500000000000000000e+00	9.61E+02	1191446684186264115267445456896 172861754969070435880258240512	3752256688987760453372637687578624	18166084908629040938966803277676544 1086685880716912257337412110254080
0177	1.600000000000000000e+05 2.577319587628865520e+03 3.500000000000000000e+00	1.21E+03	66284914165007203434043283603456 22913259729729047501301388148736	16363862974027123576560634352893952	7947622899229441492582565054251008 516740819282232087020604546351104
0178	1.600000000000000000e+05 2.577319587628865520e+03 4.000000000000000000e+00	1.21E+03	4665807497079760662433328267264 877221090358744131228431024128	7212356540166720787667270695387136	11980673109918802194338864120725504 763614842403840101686342445957120
0179	1.600000000000000000e+05 2.577319587628865520e+03 4.500000000000000000e+00	1.21E+03	889305079934848174114941698048 127272429781618416613213601792	3875817799921840382305502282907648	19435875676681764367608554543120384 1161552191785296113857225830694912
0180	1.600000000000000000e+05 3.244638181035417347e+03 3.500000000000000000e+00	1.52E+03	50781762579173604842651498053632 16805895970597202924069426561024	18205736901150481655849641410822144	9273691985476240746206424807243776 604468609976160046733657234210816
0181	1.600000000000000000e+05 3.244638181035417347e+03 4.000000000000000000e+00	1.52E+03	3456122690541440974026763665408 629294465324048116457796534272	7607201871428480693941719707680768	13207402890617922350816088897355776 847314636572400135299384278515712
0182	1.600000000000000000e+05 3.244638181035417347e+03 4.500000000000000000e+00	1.52E+03	663318626026080034532754456576 93686055784348018961568235520	3990856423775520264102421326725120	20687126297401683729277110171205632 1235398794750376104099180219203584
0183	1.600000000000000000e+05 4.084748052692324109e+03 3.500000000000000000e+00	1.92E+03	38656207188888008728501790179328 12200912118154403804007066763264	20159479685002882216738385941233664	10800413311405440947778826547494912 706265980218608115613741650804736
0184	1.600000000000000000e+05 4.084748052692324109e+03 4.000000000000000000e+00	1.92E+03	2563611959325824467426303016960 452711523364504018107567702016	8014726271188801730219941073780736	14548872260536324592145883788738560 938490296600960000407806238785536
0185	1.600000000000000000e+05 4.084748052692324109e+03 4.500000000000000000e+00	1.92E+03	494812609541680056043346853888 69003737060972012308524957696	4095907290840240517442543604989952	21898874442917362425456506737524736 1306960773108640237147529605545984
0186	1.600000000000000000e+05 5.142416805961092905e+03 3.500000000000000000e+00	2.41E+03	29232100782308565243389368336384 8775709608809922312684777242624	22154220117231523957053080247205888	12515765684714163038102593206222848 821657464940880078347490641838080
0187	1.600000000000000000e+05 5.142416805961092905e+03 4.000000000000000000e+00	2.41E+03	1900810663217256118427202879488 326049423271696068735416664064	8378890648961121697389287022002176	15896322323142719665850804680523776 1029543352429416307600443295399936
0188	1.600000000000000000e+05 5.142416805961092905e+03 4.500000000000000000e+00	2.41E+03	370450085787408016967504756736 51032353602800811538900844544	4194827947899760393024080866967552	23084427154459605030184181594849280 1376498286992015951026625471053824
0189	1.600000000000000000e+05 6.473904288329098563e+03 3.500000000000000000e+00	3.04E+03	22060951214762167515744808468480 6290731796945920771220064698368	24259872495359126005373558597877760	14480752170820003774447189162459136 954829549024576076921225523232768
0190	1.600000000000000000e+05 6.473904288329098563e+03 4.000000000000000000e+00	3.04E+03	1422468881338328142780668313600 237441573648728835058835652608	8748377843225761649499200540377088	17336772157047521342151006619697152 1125049033964088208388715358191616
0191	1.600000000000000000e+05 6.473904288329098563e+03 4.500000000000000000e+00	3.04E+03	278495141501601682241431273472 37918189711188807071018516480	4275806526895281018893157204492288	24168756642257442817350244906303488 1439002506274304118121604289921024
0192	1.600000000000000000e+05 8.150200155073142014e+03 3.500000000000000000e+00	3.83E+03	16573964708156561399095500996608 4487792179221440256401756651520	26413490028844485171705005652049920	16687956710789842452360539846737920 1105599821342712129339163150385152
0193	1.600000000000000000e+05 8.150200155073142014e+03 4.000000000000000000e+00	3.83E+03	1067284513637040202525064560640 173661971650724819626138533888	9098846434742561059524960134889472	18813793926739442215455655978860544 1220856740479504218756826668204032
0194	1.600000000000000000e+05 8.150200155073142014e+03 4.500000000000000000e+00	3.83E+03	210837957399332855598163165184 28389092244471525464636129280	4348143004956640173005539205185536	25188315228244245088553441375027200 1495777221961488241189713786961920
0195	1.600000000000000000e+05 1.026044683521766638e+04 3.500000000000000000e+00	4.82E+03	12411282983454802472052413431808 3194557095831760432653441957888	28571503371455525387842015562039296	19123563904514401701764328547418112 1273044264874992154337275306573824
0196	1.600000000000000000e+05 1.026044683521766638e+04 4.000000000000000000e+00	4.82E+03	805333164248984140505168216064 127967386271964016223792922624	9418663976233361463061556165083136	20289141102478721590813896053096448 1313282365279856473164153003966464
0197	1.600000000000000000e+05 1.026044683521766638e+04 4.500000000000000000e+00	4.82E+03	160502653529318406470733135872 21385312361798805245520773120	4389050942942560860426679695179776	25998968218639203805461312037715968 1537241364367392174399706644873216
0198	1.800000000000000000e+05 1.026044683521766501e+03 3.500000000000000000e+00	3.46E+02	201547848412428027935277218529280 79288136207256825068359990116352	10647098254348561744258120512700416	5380021817880720453271766278602752 362256536804848029079637615181824
0199	1.800000000000000000e+05 1.026044683521766501e+03 4.000000000000000000e+00	3.46E+02	16981429300990003974863161655296 3642391364309200694273791492096	5884941798065121071500299299979264	9011169479936481359399274298736640 552852241732376111480406865346560
0200	1.800000000000000000e+05 1.026044683521766501e+03 4.500000000000000000e+00	3.46E+02	3212379560042000428480174489600 486998834544808054850452455424	3520983302742800278629367028908032	15884510455083920217436176468934656 928388906650928113836727503683584
0201	1.800000000000000000e+05 1.291710751444522657e+03 3.500000000000000000e+00	4.35E+02	155167576616988024755830466281472 59567998207114407961403674591232	12096937775773521114058146021638144	6254159861158800700517289568501760 420744720947144081071747882811392
0202	1.800000000000000000e+05 1.291710751444522657e+03 4.000000000000000000e+00	4.35E+02	12437239189720723244281214533632 2585931904437440316361874079744	6268842461707840905106255029207040	9958451394788802306496701642309632 615772119156480069808754597560320
0203	1.800000000000000000e+05 1.291710751444522657e+03 4.500000000000000000e+00	4.35E+02	2355002408022040267480184651776 350809491000016052075366449152	3647415146167120963736568873353216	17111928015442163377335936030343168 1001305511903024153344879542403072
0204	1.800000000000000000e+05 1.626174978476519755e+03 3.500000000000000000e+00	5.48E+02	118320828000854412569745345740800 44166219362342398242181303238656	13682269890045121862287165426237440	7289088827353761568045967855321088 490374935567184077575352024563712
0205	1.800000000000000000e+05 1.626174978476519755e+03 4.000000000000000000e+00	5.48E+02	9094331011763121197186432368640 1831461541153552069114279755776	6667066884338321281124948290568192	11006418271043601660362370997813248 685952557503816235264971391369216
0206	1.800000000000000000e+05 1.626174978476519755e+03 4.500000000000000000e+00	5.48E+02	1740704529613152069585702223872 255388735301513672964270194688	3773906796518320631771888200187904	18381629073104564008129868796526592 1074802244345856069442485088157696
0207	1.800000000000000000e+05 2.047228290505137920e+03 3.500000000000000000e+00	6.90E+02	90363182926895204778021622906880 32629463167190408303511213178880	15365685364399921737124517450350592	8484958233782801954329975603593216 571359495255392140568638267588608
0208	1.800000000000000000e+05 2.047228290505137920e+03 4.000000000000000000e+00	6.90E+02	6689494481918320649510299107328 1304855569282464114214646579200	7094536894213120641700823688019968	12193167121123442370396469212479488 765612393761632027377701799067648
0209	1.800000000000000000e+05 2.047228290505137920e+03 4.500000000000000000e+00	6.90E+02	1289748339552576309684051378176 186626618225136835434077224960	3896122251597600674622393456525312	19672651300199683205459002129383424 1148134507739768188414382191935488
0210	1.800000000000000000e+05 2.577319587628865520e+03 3.500000000000000000e+00	8.68E+02	69030650178068003705429417787392 23978062255900565393101360726016	17217846082946642429961440933707776	9896999777419601936281686228598784 667439323288112120534183742275584
0211	1.800000000000000000e+05 2.577319587628865520e+03 4.000000000000000000e+00	8.69E+02	4927971161058240648273029234688 930598772599144089448681046016	7516534570278401118863957050785792	13471689700500641421731448762662912 851728387776144217053517230112768
0212	1.800000000000000000e+05 2.577319587628865520e+03 4.500000000000000000e+00	8.69E+02	959946031619160025526161113088 137074486062616005307009073152	4025006179024000588495825622007808	21042229925751683579585416371634176 1225461873849264158768998001934336
0213	1.800000000000000000e+05 3.244638181035417347e+03 3.500000000000000000e+00	1.09E+03	52700966862752817382664003649536 17534673278093442165912425725952	19197156328040242555797269815230464	11526648824509282468449020658319360 779095865426728102255129735987200
0214	1.800000000000000000e+05 3.244638181035417347e+03 4.000000000000000000e+00	1.09E+03	3636380768157760281969675993088 664762963310232069331696484352	7963621252169841227098702657617920	14903288109227201439031655204388864 948017540052944023974393675776000
0215	1.800000000000000000e+05 3.244638181035417347e+03 4.500000000000000000e+00	1.09E+03	713705961922480096408829427712 100634723583900819700574060544	4150570822008560168474635627659264	22432950299955761536237412609425408 1303213869139608228964802190376960
0216	1.800000000000000000e+05 4.084748052692324109e+03 3.500000000000000000e+00	1.38E+03	39917535276787204103349091696640 12665761457329202250002248761344	21319704163011443494074455590699008	13411763159766880192226154348806144 908990529917400150259354071728128
0217	1.800000000000000000e+05 4.084748052692324109e+03 4.000000000000000000e+00	1.38E+03	2686814228698624306340975083520 476081080042864110868283523072	8409033340108640990308543586369536	16454829309811602101504250545700864 1051985901741136124279365352554496
0218	1.800000000000000000e+05 4.084748052692324109e+03 4.500000000000000000e+00	1.38E+03	530340914454744051880126578688 73851985588499206563881287680	4267343846741759954685329135370240	23810273922538721344376189849960448 1379542459570207948243362172108800
0219	1.800000000000000000e+05 5.142416805961092905e+03 3.500000000000000000e+00	1.73E+03	30219244013926409940887899471872 9118911658710799925737835986944	23619998184670004654901878180544512	15613884110951924040283444247265280 1061824141212896277803235350151168
0220	1.800000000000000000e+05 5.142416805961092905e+03 4.000000000000000000e+00	1.73E+03	1987880577715504196083079184384 341892278202208085050084294656	8834140976371680461201493341503488	18087229475537764271068182652911616 1160326149784256067128546442608640
0221	1.800000000000000000e+05 5.142416805961092905e+03 4.500000000000000000e+00	1.73E+03	395443400530560062309569396736 54399184551510404171762237440	4379960290056800387410452751056896	25193787562053762819044678802866176 1455380633200392282937277932371968
0222	1.800000000000000000e+05 6.473904288329098563e+03 3.500000000000000000e+00	2.18E+03	22697984696424482917762597912576 6501521310734480795536732454912	25962665414023046084471292474425344	18073234654647843611137238156443648 1233652432485480028400293261606912
0223	1.800000000000000000e+05 6.473904288329098563e+03 4.000000000000000000e+00	2.18E+03	1485651909240704160667197767680 248446347229283239792776052736	9272794881573041590765854985814016	19869475896561763529482262653435904 1276647632219512124711285859287040
0224	1.800000000000000000e+05 6.473904288329098563e+03 4.500000000000000000e+00	2.18E+03	297390541980068825507920084992 40430080640148803914852990976	4493593451128800823736142670069760	26601941655443362617682238178852864 1530892859079080309596317533863936
0225	1.800000000000000000e+05 8.150200155073142014e+03 3.500000000000000000e+00	2.75E+03	17036511480646483081647532015616 4630730734464640903005360619520	28445789211153764603548021878161408	20903328338072884257560752547692544 1432639049254272363470997732458496
0226	1.800000000000000000e+05 8.150200155073142014e+03 4.000000000000000000e+00	2.75E+03	1113871119330216155345850466304 181362711555793606469497126912	9703434658572480657381921168293888	21763202429290082368860903484424192 1397783572268608165434309694455808
0227	1.800000000000000000e+05 8.150200155073142014e+03 4.500000000000000000e+00	2.75E+03	225133009062190408527790473216 30260809828108007395282649088	4582107702911200696374280845262848	27877055239988401419578538587062272 1595888036865920226105345259339776
0228	1.800000000000000000e+05 1.026044683521766638e+04 3.500000000000000000e+00	3.46E+03	12736064499876642333662220648448 3286480342446320671823849586688	30959354734066402518331365989023744	24049172691960886446040102362677248 1655061010320992320366153652240384
0229	1.800000000000000000e+05 1.026044683521766638e+04 4.000000000000000000e+00	3.46E+03	839563658848752154025503227904 133317115881380024156831088640	10103214061301842259647779536109568	23703159716496644186444261589254144 1518381249975784136432239333343232
0230	1.800000000000000000e+05 1.026044683521766638e+04 4.500000000000000000e+00	3.46E+03	171575607006516010924235554816 22811408533252402311724007424	4653457366679040203041283738959872	29050287724593367168164687446540288 1651526420942384073873644274581504
