0000	6.000000000000000000e+04 1.026044683521766501e+03 3.500000000000000000e+00	4.90E+03	1332094634129960114221546492395520 587471481356863989083869764648960	14891894889656563518025133920878592	4792867313236320968018111473123328 262790739606816846533021405282304
0001	6.000000000000000000e+04 1.026044683521766501e+03 4.000000000000000000e+00	4.90E+03	524742986098776105186342528352256 174837177763916842362006577086464	7910841639198240378952559563374592	9637886266712001645991710255218688 629458934372968102171739372388352
0002	6.000000000000000000e+04 1.026044683521766501e+03 4.500000000000000000e+00	4.90E+03	205366819728350426878573560201216 53444366963871210838566830604288	4442279107865760709832355396714496	15744023983842802195312921859325952 1109394570853248246201588236943360
0003	6.000000000000000000e+04 1.291710751444522657e+03 3.500000000000000000e+00	6.17E+03	1433198244020600048397895432404992 624052388183016071156888953159680	16960556683508880230247039496093696	5797324650185920930763483249639424 322015446053640027719451984003072
0004	6.000000000000000000e+04 1.291710751444522657e+03 4.000000000000000000e+00	6.17E+03	554467028758136104482907340406784 182242471450198430608246406381568	8683397617170640758146261806219264	11038953239266321775580492704251904 733768195544376040070834464751616
0005	6.000000000000000000e+04 1.291710751444522657e+03 4.500000000000000000e+00	6.17E+03	205689478098868032005584948559872 53224576507587206987164663414784	4761079931599601109768385123581952	17358272747260883198538834971197440 1245754364139648135685588605992960
0006	6.000000000000000000e+04 1.626174978476519755e+03 3.500000000000000000e+00	7.77E+03	1541146756692656398468744520663040 662334802078904054983984494411776	19281484094941041565873146295222272	6985807901145280392289851321352192 393089997957832026370900855095296
0007	6.000000000000000000e+04 1.626174978476519755e+03 4.000000000000000000e+00	7.77E+03	584095380334488030535264885538816 188609217851208816109123696328704	9508942532358720443347151393652736	12585650078773441234066487975608320 850819322487568025636706459844608
0008	6.000000000000000000e+04 1.626174978476519755e+03 4.500000000000000000e+00	7.77E+03	205234646419945636498563106078720 52805928019427201795731786563584	5102009318279041045518385166680064	19092882951024961762659225483345920 1393764546782272259711742152540160
0009	6.000000000000000000e+04 2.047228290505137920e+03 3.500000000000000000e+00	9.78E+03	1651227386307984259316662283534336 700270335798888187631994411155456	21835658521205204676976291180707840	8368573954074322762911449524207616 476966222560688100452357661261824
0010	6.000000000000000000e+04 2.047228290505137920e+03 4.000000000000000000e+00	9.78E+03	606786128392760122759742461313024 193145274220422444210801245945856	10397314624234243046843612143812608	14294662917832881606466863850586112 981960961403688167916977914904576
0011	6.000000000000000000e+04 2.047228290505137920e+03 4.500000000000000000e+00	9.78E+03	203440139578911224378956057673728 52037109974384804646935100129280	5459774354875200888296975152185344	20925995163360400980796055543087104 1551672775823536384881011634208768
0012	6.000000000000000000e+04 2.577319587628865520e+03 3.500000000000000000e+00	1.23E+04	1767560830128616344069326118060032 739976154554520017973175893622784	24703161437393680657691439207022592	9993916902428641584356525776830464 576789964216096081808149446656000
0013	6.000000000000000000e+04 2.577319587628865520e+03 4.000000000000000000e+00	1.23E+04	622545253625640106510926124941312 196731895625416041398752247808000	11350936073335843406021421057441792	16172959263426163443052657684512768 1128072274117872158058084328013824
0014	6.000000000000000000e+04 2.577319587628865520e+03 4.500000000000000000e+00	1.23E+04	199972832993043238803662587297792 50825122601161613261634965340160	5832700447435440869540002705440768	22854379810215683893363273793273856 1719117219355816409879123790397440
0015	6.000000000000000000e+04 3.244638181035417347e+03 3.500000000000000000e+00	1.55E+04	1881283701590936119478320715792384 777747219225584209380289292533760	27801548994802405441729727318458368	11847572794147363944051744580829184 692205371709120026824153235456000
0016	6.000000000000000000e+04 3.244638181035417347e+03 4.000000000000000000e+00	1.55E+04	635628018880640063829420481183744 199741380186017624674542771240960	12386911660751203480384348237070336	18251220069042719765399944900378624 1291402001080808348204609751220224
0017	6.000000000000000000e+04 3.244638181035417347e+03 4.500000000000000000e+00	1.55E+04	194921240914123999805506639101952 49178039834886406347853643382784	6229130662259520628834547110248448	24910213018252246341716755584385024 1898490154454312292313815308042240
0018	6.000000000000000000e+04 4.084748052692324109e+03 3.500000000000000000e+00	1.95E+04	1993044905851592338936105365667840 814259348085824135226243078422528	31183032640597601004612943507095552	13966233178871361240250265286737920 825799094627320118446595390832640
0019	6.000000000000000000e+04 4.084748052692324109e+03 4.000000000000000000e+00	1.95E+04	645487190776808120785470134157312 201796047158980015250456585437184	13486252687195921354621170044895232	20505642177784322221884896572342272 1470783907218336251016744582250496
0020	6.000000000000000000e+04 4.084748052692324109e+03 4.500000000000000000e+00	1.95E+04	187385269092609624575496907915264 46867100180243204712741927387136	6638419366362801349220977833148416	27047832198797202314767551214649344 2085733681130216470505828514791424
0021	6.000000000000000000e+04 5.142416805961092905e+03 3.500000000000000000e+00	2.46E+04	2106588356533272571487362150825984 851414401410024080303753565044736	34945187375984007511966596315742208	16411140349725762302835086699003904 981524370837464040905865118613504
0022	6.000000000000000000e+04 5.142416805961092905e+03 4.000000000000000000e+00	2.46E+04	650400329820000039847254848176128 202354344821404800781504913342464	14636459504952083800266760339324928	22916100558755845739592717063684096 1664277257753200213975458528624640
0023	6.000000000000000000e+04 5.142416805961092905e+03 4.500000000000000000e+00	2.46E+04	176941484486189644812475072249856 43761326467364813487522401222656	7071810261998720900312137086271488	29313916658280401862430442813128704 2283918885078816282228289672577024
0024	6.000000000000000000e+04 6.473904288329098563e+03 3.500000000000000000e+00	3.09E+04	2206519750657064148854127355494400 884610236174768111393130523131904	38955540857922407099107139066527744	19138156794673122567269989329403904 1157461397986704189230299857551360
0025	6.000000000000000000e+04 6.473904288329098563e+03 4.000000000000000000e+00	3.09E+04	651345279264704024543462720274432 201772722457496848738216816148480	15882447116106560430540608969375744	25554333620749841773071292145074176 1877468019655992099183715973857280
0026	6.000000000000000000e+04 6.473904288329098563e+03 4.500000000000000000e+00	3.09E+04	162835721746907226394647670554624 39670532668772807795803135410176	7524429084626561757191503727296512	31688999242002408900126257669210112 2491825704991760126683045829804032
0027	6.000000000000000000e+04 8.150200155073142014e+03 3.500000000000000000e+00	3.89E+04	2295440689542248368808943434072064 917258837558560196495158047408128	43399494559740812765650417568710656	22255323727122165044150933794062336 1360604596173656310132138447994880
0028	6.000000000000000000e+04 8.150200155073142014e+03 4.000000000000000000e+00	3.89E+04	646689310007096113174300686548992 199549399950732806531301284773888	17232229648861283684684552858501120	28436489234023922790366989166575616 2111749694323016189633950080040960
0029	6.000000000000000000e+04 8.150200155073142014e+03 4.500000000000000000e+00	3.89E+04	143468743649991226051934778556416 34166202153372005967679807553536	7989846589606721709930877686906880	34148559109942401164233572794499072 2706158779197960012545699814047744
0030	6.000000000000000000e+04 1.026044683521766638e+04 3.500000000000000000e+00	4.90E+04	2365187527669704269931340460195840 944438095479176252055420034613248	48099122873971204858292502727229440	25687194708813766397488950969106432 1586872142638760355246710154330112
0031	6.000000000000000000e+04 1.026044683521766638e+04 4.000000000000000000e+00	4.90E+04	632957639595448050981693382721536 194611441032885645503442211307520	18650311692112964128850791517650944	31514662050147204315328681569419264 2363435184712120324762679369531392
0032	6.000000000000000000e+04 1.026044683521766638e+04 4.500000000000000000e+00	4.90E+04	118063359180636015006513660690432 27037934152398562241566841241600	8464235133618881287526482108743680	36696334195030400692181447896727552 2928467107103608864248078371127296
0033	8.000000000000000000e+04 1.026044683521766501e+03 3.500000000000000000e+00	2.58E+03	1281832892780008229543286851764224 559918430143248165327380288634880	11944699243400480897066123772559360	3492066653596320600093225625059328 191124697195781615777021561929728
0034	8.000000000000000000e+04 1.026044683521766501e+03 4.000000000000000000e+00	2.58E+03	532260716807592031776458118529024 175459767872737629816210575065088	6814401248707200734741500683878400	7605407663622081230139075457974272 478222168025168143048254056038400
0035	8.000000000000000000e+04 1.026044683521766501e+03 4.500000000000000000e+00	2.58E+03	219966288649027257048083124453376 56579446070920809182586099204096	4018367610140320497167333605769216	13651439419238481871788383290785792 945906355534080128399128504827904
0036	8.000000000000000000e+04 1.291710751444522657e+03 3.500000000000000000e+00	3.24E+03	1379216511818712216669238316761088 595237410812232119161946835517440	13681612013849442097323579354906624	4226106970658000537703900216557568 233405204153597637923302008684544
0037	8.000000000000000000e+04 1.291710751444522657e+03 4.000000000000000000e+00	3.24E+03	558453160434688151660964847026176 182376438966409632269504926973952	7479753310247201158155456166756352	8700831336356161447210320337567744 555441881666280085046332219195392
0038	8.000000000000000000e+04 1.291710751444522657e+03 4.500000000000000000e+00	3.24E+03	220474647527507186790772238188544 56449366004956801940034206826496	4293658894568960929522313450225664	15006514865022084178256955250311168 1056079685886072055698772430159872
0039	8.000000000000000000e+04 1.626174978476519755e+03 3.500000000000000000e+00	4.08E+03	1484126832605264583108312912887808 632326676516864058920061099835392	15647615217712242260807989311045632	5102338256376880928000178202345472 284528165250621641367471767158784
0040	8.000000000000000000e+04 1.626174978476519755e+03 4.000000000000000000e+00	4.08E+03	584810073110704140728774055428096 188529375603824000482344494432256	8193967631048161313785463995105280	9917543456802881619075561152315392 642526747896248097585422244249600
0041	8.000000000000000000e+04 1.626174978476519755e+03 4.500000000000000000e+00	4.08E+03	220257249348298418997832420687872 56153620751535212909356484919296	4587340809013200189310039129849856	16456324482983600309598032045801472 1175143315918776145033597376528384
0042	8.000000000000000000e+04 2.047228290505137920e+03 3.500000000000000000e+00	5.14E+03	1589748855821688260314881157234688 668485944508512047944373014364160	17796986459389122734570561794473984	6120042827630401870168851421855744 344643396838688085388217422970880
0043	8.000000000000000000e+04 2.047228290505137920e+03 4.000000000000000000e+00	5.14E+03	608475674077120141459082472062976 193152152017013645421988978622464	8967630037167840459202284916572160	11271034019024161766681028505632768 740592165901384120187590730055680
0044	8.000000000000000000e+04 2.047228290505137920e+03 4.500000000000000000e+00	5.14E+03	218619735690324039224310185852928 55517574084166412903386026344448	4892087004930240946387006877859840	17973357086758243867804756680376320 1300968119035264171843075394502656
0045	8.000000000000000000e+04 2.577319587628865520e+03 3.500000000000000000e+00	6.47E+03	1701199064062568349815383246503936 706053665628184065693147461582848	20220512653883921059545294426865664	7322700320260320669792773347475456 416531322948448022068284702588928
0046	8.000000000000000000e+04 2.577319587628865520e+03 4.000000000000000000e+00	6.47E+03	626579230843696118253493227094016 196921483583625632490730639327232	9822719574234641537590723996549120	12795811619829762453057106924797952 852401215703544160094696899608576
0047	8.000000000000000000e+04 2.577319587628865520e+03 4.500000000000000000e+00	6.47E+03	215868318019209651267367866466304 54592061890698418315109804802048	5215164023936000971507850675224576	19585632221589280964453893150867456 1435760970837408537292243149520896
0048	8.000000000000000000e+04 3.244638181035417347e+03 3.500000000000000000e+00	8.15E+03	1813674961099440030948330724917248 743145921679160012243742830362624	22895198037811281782936595784007680	8718534186712641306445797511921664 500999636127416071966713471565824
0049	8.000000000000000000e+04 3.244638181035417347e+03 4.000000000000000000e+00	8.15E+03	637876759331328055686034343591936 199398088425726451942765203816448	10716354675675601107874368710508544	14440860950591042514165862672367616 974589757665728285928060291645440
0050	8.000000000000000000e+04 3.244638181035417347e+03 4.500000000000000000e+00	8.15E+03	211284715143126430457391216590848 53194972078781619004955170963456	5544341349483521594692844595970048	21250358031294081332610388893630464 1576103905454015962758661655232512
0051	8.000000000000000000e+04 4.084748052692324109e+03 3.500000000000000000e+00	1.03E+04	1926772850175864260226219476254720 779780654739504216581421899186176	25833661872742884169516359220199424	10326024767393281370183222125658112 599304281840072061506618010894336
0052	8.000000000000000000e+04 4.084748052692324109e+03 4.000000000000000000e+00	1.03E+04	648378855691456059816046659371008 201737137336003211142248095809536	11701883120267682749922652758999040	16279445496736001768636939373641728 1112543405553480048809599366594560
0053	8.000000000000000000e+04 4.084748052692324109e+03 4.500000000000000000e+00	1.03E+04	205815670714584808800633193758720 51556561316904006569211138670592	5904109918130160512056627688374272	23057543940827043629466915887382528 1729033207832520163546750200578048
0054	8.000000000000000000e+04 5.142416805961092905e+03 3.500000000000000000e+00	1.29E+04	2038794214568448061823543683317760 815452496277079963122442241572864	29057853300843681006481413446303744	12170619909689680154252887361323008 713347120361200059307932520546304
0055	8.000000000000000000e+04 5.142416805961092905e+03 4.000000000000000000e+00	1.29E+04	655678291117160067015793927258112 203114191827415240603253069578240	12744108531542001744361152223117312	18266620352714325058948889252462592 1262904000422488179463942213468160
0056	8.000000000000000000e+04 5.142416805961092905e+03 4.500000000000000000e+00	1.29E+04	197951059829864814858649865289728 49282701956926409897511676280832	6266988446974560728993236386840576	24901391496537441003646681159303168 1885712404526400235194859189698560
0057	8.000000000000000000e+04 6.473904288329098563e+03 3.500000000000000000e+00	1.63E+04	2144455112287344259677930513235968 849183603037400201259620367335424	32573543690557603962168409315082240	14266045303320803760100337499766784 844129917716040107066411819466752
0058	8.000000000000000000e+04 6.473904288329098563e+03 4.000000000000000000e+00	1.63E+04	661171557351088150897408300023808 203948498457391262208036228300800	13878675837919042964745328235905024	20456211752718000910867058227412992 1429663654641992090135762206457856
0059	8.000000000000000000e+04 6.473904288329098563e+03 4.500000000000000000e+00	1.63E+04	188129865332265658578629046566912 46474467705276009977018683752448	6656929610232161024813720150212608	26873524910405440968428923828305920 2053557554468776017463934736924672
0060	8.000000000000000000e+04 8.150200155073142014e+03 3.500000000000000000e+00	2.05E+04	2244960652909184564740315471151104 883100111271047995839498514595840	36487608020219207345267777516601344	16678836154440643929032134919979008 996135203074248082475284072235008
0061	8.000000000000000000e+04 8.150200155073142014e+03 4.000000000000000000e+00	2.05E+04	661733742463760130847163256143872 203323516071495211673772116410368	15069371945172962264560942878556160	22796277380751761907355058522030080 1609278807794352090415858957942784
0062	8.000000000000000000e+04 8.150200155073142014e+03 4.500000000000000000e+00	2.05E+04	175453488145415244375037870866432 42886052092476001507819615420416	7074501573708320672476855764254720	28970804318769844750389392609116160 2231743322068704517932953527910400
0063	8.000000000000000000e+04 1.026044683521766638e+04 3.500000000000000000e+00	2.58E+04	2323968593664008317244045864730624 912211132929888115886911708463104	40657346962292806377837989229232128	19358007057884003888390799204810752 1166677645418912226954792809791488
0064	8.000000000000000000e+04 1.026044683521766638e+04 4.000000000000000000e+00	2.58E+04	656928255888952168084322151038976 201136675790128030717847848091648	16328935728729202639043647504384000	25307061881564483016733388489883648 1802921675646416104768251975696384
0065	8.000000000000000000e+04 1.026044683521766638e+04 4.500000000000000000e+00	2.58E+04	158637275479931219367988522123264 38182237293364003976958047158272	7500655831191761656047063625891840	31116945986395205958722904521703424 2413741781257232023097779425378304
0066	1.000000000000000000e+05 1.026044683521766501e+03 3.500000000000000000e+00	1.56E+03	1297292983378488182564706410561536 558121231990504046213908593115136	10344235976628242095910110906810368	2887938943103376607126473920217088 160250567332519226988646954434560
0067	1.000000000000000000e+05 1.026044683521766501e+03 4.000000000000000000e+00	1.56E+03	557460365448480130342653341466624 181169535181971221806945203650560	6230984676992800804947565752614912	6555377448389920936456333996064768 406310319144656079970743902797824
0068	1.000000000000000000e+05 1.026044683521766501e+03 4.500000000000000000e+00	1.56E+03	232985060492265656357226343825408 59281822061993619049387275583488	3812841105917200871380765869342720	12597402139905363428935255615078400 871043034812040134556607812993024
0069	1.000000000000000000e+05 1.291710751444522657e+03 3.500000000000000000e+00	1.97E+03	1396330263945424034822630594838528 593796063874424087777786191675392	11901279414485602574411387782561792	3489883700765200541498413947027456 194860835917975228329854616207360
0070	1.000000000000000000e+05 1.291710751444522657e+03 4.000000000000000000e+00	1.97E+03	581601431483592130213546798612480 187580837743507229252437508358144	6828635297304641938070933537292288	7470991595459282297003279168569344 469209264144352062809317941706752
0071	1.000000000000000000e+05 1.291710751444522657e+03 4.500000000000000000e+00	1.97E+03	233700052303115994291757933133824 59216931546328810363415831773184	4058348540759600520071212471156736	13779007594273522832195395617030144 965956627770600131585501950902272
0072	1.000000000000000000e+05 1.626174978476519755e+03 3.500000000000000000e+00	2.47E+03	1501037241180584227603366239272960 630284269963912175456673255653376	13643365484109683708215731863683072	4203350434980160440160026418479104 236360563445372799135816194457600
0073	1.000000000000000000e+05 1.626174978476519755e+03 4.000000000000000000e+00	2.47E+03	605467385655056153694524986621952 193176971891668815330469300142080	7474609914535521004303002560888832	8495155314815841770030073529761792 540517063063376122899931714289664
0074	1.000000000000000000e+05 1.626174978476519755e+03 4.500000000000000000e+00	2.47E+03	233344201088180050677634957312000 58919392085100810051490043396096	4317163016832800707573830301777920	15027088447868802487823760460087296 1066970527270920150217793908768768
0075	1.000000000000000000e+05 2.047228290505137920e+03 3.500000000000000000e+00	3.11E+03	1608333858349648249834839161700352 666545209731256107194966570172416	15581408949656083484454192326639616	5042531329496880546654880270385152 285750618836048829504858003341312
0076	1.000000000000000000e+05 2.047228290505137920e+03 4.000000000000000000e+00	3.11E+03	628666492591808103604097638203392 197765060287268046329167606710272	8192861202900881394640840709636096	9658071104534001666609357250363392 622314996957152015835445308948480
0077	1.000000000000000000e+05 2.047228290505137920e+03 4.500000000000000000e+00	3.11E+03	231790118093203237035794019385344 58338367790461601720622936752128	4587251098622880273765982147706880	16339641168640722168313652430503936 1174054829849560266643860717830144
0078	1.000000000000000000e+05 2.577319587628865520e+03 3.500000000000000000e+00	3.92E+03	1723324636661824311182436685840384 704743893929512117005373300277248	17779044381325123484858100870021120	6040200580245599790217328655859712 345068026019535969056623687630848
0079	1.000000000000000000e+05 2.577319587628865520e+03 4.000000000000000000e+00	3.92E+03	644548222024792077616630433054720 200792486925933634331047737950208	8966045153605521759103694130905088	10947986903481843250636876511444992 714253195303432099817074110496768
0080	1.000000000000000000e+05 2.577319587628865520e+03 4.500000000000000000e+00	3.92E+03	228817414792632850838408235319296 57411659458456011621113677217792	4869898635057760698262662168969216	17720343882592403599118178526953472 1287520531526296178475420711124992
0081	1.000000000000000000e+05 3.244638181035417347e+03 3.500000000000000000e+00	4.94E+03	1836314873269864584161381828263936 741073611662768060855543941562368	20170543966475683714027628009619456	7187118017023362258123483986788352 414034383751208042896491473272832
0082	1.000000000000000000e+05 3.244638181035417347e+03 4.000000000000000000e+00	4.94E+03	654422345652680096477491570409472 202874366050626421866704968613888	9790543447573201084548830218682368	12360776033704642336635477886500864 816137285589856077448734404771840
0083	1.000000000000000000e+05 3.244638181035417347e+03 4.500000000000000000e+00	4.94E+03	224512811230444836865850501758976 56160199513492006235536703356928	5168694041750240908669158864977920	19180829037002000632956329962504192 1407935798106488311592755281264640
0084	1.000000000000000000e+05 4.084748052692324109e+03 3.500000000000000000e+00	6.21E+03	1953210502203168216518236391342080 778318375377288065592299486183424	22857400060023123548009785506922496	8531577733285762068562346485219328 495631964439936057196523372412928
0085	1.000000000000000000e+05 4.084748052692324109e+03 4.000000000000000000e+00	6.21E+03	664676243266256041234730481352704 205192482536495241605211186266112	10716563999919680718656917567700992	13964110032967124199808837215059968 932641179152096261142445041909760
0086	1.000000000000000000e+05 4.084748052692324109e+03 4.500000000000000000e+00	6.21E+03	219110451525374444183511243948032 54618675973160008512037447532544	5491651446902241238551510787293184	20754558607458883849396279226400768 1538042777187584265402385730371584
0087	1.000000000000000000e+05 5.142416805961092905e+03 3.500000000000000000e+00	7.82E+03	2070333397458616365103654893518848 814994973286448076794337865760768	25817274774777760381443540367966208	10081235015673441622305983684411392 590611345018064059544813732626432
0088	1.000000000000000000e+05 5.142416805961092905e+03 4.000000000000000000e+00	7.82E+03	671769344794224156214033844797440 206507636858586424136729546981376	11688934920598160143904452548493312	15692829254433523506029883371290624 1059587362147584096943763791806464
0089	1.000000000000000000e+05 5.142416805961092905e+03 4.500000000000000000e+00	7.82E+03	211965617005655242278585694683136 52622021719271207396508834988032	5826958982454960510112832814055424	22397694116560001869160137332097024 1674241091771408364553158761906176
0090	1.000000000000000000e+05 6.473904288329098563e+03 3.500000000000000000e+00	9.85E+03	2181619136650576225132884313243648 849697942608568072529677652066304	29053038843229845346796771303489536	11849157677709682644150335366496256 699983262549864256129748762099712
0091	1.000000000000000000e+05 6.473904288329098563e+03 4.000000000000000000e+00	9.85E+03	678315212941240036975611622719488 207649351092725645049908076478464	12754664454136321222237478077857792	17612721317671842115930324838907904 1201269971926304115483519806865408
0092	1.000000000000000000e+05 6.473904288329098563e+03 4.500000000000000000e+00	9.85E+03	202836089617423221392059677016064 50094880023956806458092575260672	6174467131091200977802455087579136	24103686705812007198600019920814080 1816680259175160083978001143824384
0093	1.000000000000000000e+05 8.150200155073142014e+03 3.500000000000000000e+00	1.24E+04	2282405769828752015766988483723264 882439244729024079968243262947328	32593579011062401625549368025153536	13861989705319523685571169668300800 825667519388184107807802946224128
0094	1.000000000000000000e+05 8.150200155073142014e+03 4.000000000000000000e+00	1.24E+04	681745140197808045731282344214528 207830566081172031534458183090176	13890308285197203734993347090055168	19692118454899121595881184053690368 1355655572974336165445392404578304
0095	1.000000000000000000e+05 8.150200155073142014e+03 4.500000000000000000e+00	1.24E+04	191840287075900841539162217644032 47048016134055201326683029241856	6551669418923360584230296711331840	25943616907811764609771199050809344 1969827856836776348271646087315456
0096	1.000000000000000000e+05 1.026044683521766638e+04 3.500000000000000000e+00	1.56E+04	2369024142029056481888501009219584 913236821725879995749733249318912	36455611314338405570392493096173568	16138929122031440508054736050585600 969063597622016271444341845655552
0097	1.000000000000000000e+05 1.026044683521766638e+04 4.000000000000000000e+00	1.56E+04	680964659802024146391159065804800 206790224588094417507847577272320	15085489911967122270776324660396032	21918550921860882732504246732718080 1522092269788688351335569646682112
0098	1.000000000000000000e+05 1.026044683521766638e+04 4.500000000000000000e+00	1.56E+04	177646608154104810772134843383808 43133951804393607959589232312320	6940384540179920689206913010761728	27836745371271287855261142023667712 2128014188088032096335341752942592
0099	1.200000000000000000e+05 1.026044683521766501e+03 3.500000000000000000e+00	1.07E+03	1316769109116960034516212406812672 561279037729768157429739187863552	9772152817557601680655332080091136	2653418040728832261508127608799232 149203031799245616094939233386496
0100	1.200000000000000000e+05 1.026044683521766501e+03 4.000000000000000000e+00	1.07E+03	571203997245504003532402949357568 184290559661204027857980002140160	6061880591239600324771766364798976	6145490675017841163416691594493952 380300286644544086197208394760192
0101	1.200000000000000000e+05 1.026044683521766501e+03 4.500000000000000000e+00	1.07E+03	238303690499704038994079771525120 60376886893166398851695209611264	3792835688875840681851232838483968	12501890477678003802792397495074816 853184686445672066227301282480128
0102	1.200000000000000000e+05 1.291710751444522657e+03 3.500000000000000000e+00	1.35E+03	1420602905219672261505098610376704 598239718541608093341542112034816	11262989987358802229881307364589568	3203408521010000069537204765982720 181089692934586442208963020718080
0103	1.200000000000000000e+05 1.291710751444522657e+03 4.000000000000000000e+00	1.35E+03	595413841246528087572767771197440 190567296637260017872198757777408	6627444795280320343936545050329088	6970198293229601252565881146310656 437006224365816053038252489179136
0104	1.200000000000000000e+05 1.291710751444522657e+03 4.500000000000000000e+00	1.35E+03	239422080032360021337424493805568 60418751741982412881637379407872	4037416116351600818945922422538240	13600723145244241963459312302948352 941594276106032133474165029076992
0105	1.200000000000000000e+05 1.626174978476519755e+03 3.500000000000000000e+00	1.70E+03	1528049039705936335130250604183552 635017988226464119315155929530368	12911388506025362981039872468320256	3850130724826879969198421449900032 219006686507237646274477244284928
0106	1.200000000000000000e+05 1.626174978476519755e+03 4.000000000000000000e+00	1.70E+03	619668540442712057327567046180864 196061759009725625207452130607104	7247822047806561218448599436754944	7908868010611201084061801349382144 502258571938240121355090970804224
0107	1.200000000000000000e+05 1.626174978476519755e+03 4.500000000000000000e+00	1.70E+03	239087161241832053213075211288576 60131977527592808199605951922176	4285106504025120526231180702384128	14725272791368884352153008960700416 1033559387569408062415341656997888
0108	1.200000000000000000e+05 2.047228290505137920e+03 3.500000000000000000e+00	2.14E+03	1642947117281448330026121965862912 673381141473640070366459177467904	14782388406539283231951331304407040	4622866123579920755940989960454144 264777226683136040767072921190400
0109	1.200000000000000000e+05 2.047228290505137920e+03 4.000000000000000000e+00	2.14E+03	641746267500464054130110889984000 200220732704960854262631458930688	7931684353215920164533792629850112	8974866675320321332566245521752064 577133854045655998252348004630528
0110	1.200000000000000000e+05 2.047228290505137920e+03 4.500000000000000000e+00	2.14E+03	237296840885679243397182305337344 59506995141696802701338113736704	4536774052336160908835399516815360	15888248388013921502278153253421056 1130123651709856061898915485581312
0111	1.200000000000000000e+05 2.577319587628865520e+03 3.500000000000000000e+00	2.70E+03	1761798432723728369440352723009536 712022396930808220772940912787456	16872819921775920970732483874127872	5532409867570960721657467599060992 319204520490280091941880184438784
0112	1.200000000000000000e+05 2.577319587628865520e+03 4.000000000000000000e+00	2.70E+03	656419897010472166284038999375872 203373155820805623548326797377536	8688092460930720757817678197948416	10182727370588800998352995445899264 662762421606096161617653977317376
0113	1.200000000000000000e+05 2.577319587628865520e+03 4.500000000000000000e+00	2.70E+03	234642609470744823994296748212224 58681360516118411603389263642624	4808237693444480717265097898065920	17148858792790562236516611378905088 1235273200203928107045349983518720
0114	1.200000000000000000e+05 3.244638181035417347e+03 3.500000000000000000e+00	3.39E+03	1879642001448080281516272414359552 749189411640384193020375817256960	19153856112979123351920273396858880	6581393461582720655584455561314304 382614814714800083373218479472640
0115	1.200000000000000000e+05 3.244638181035417347e+03 4.000000000000000000e+00	3.39E+03	667540995063808063248165142265856 205860824944379246515263236997120	9499164099813841002133655788716032	11515943384597762939179015732199424 758357813531087977949983022252032
0116	1.200000000000000000e+05 3.244638181035417347e+03 4.500000000000000000e+00	3.39E+03	230338603977825661820551062093824 57441562921896016495529938649088	5083947626361280947645927760330752	18458899622633524281772907849318400 1345718652073224220115210187309056
0117	1.200000000000000000e+05 4.084748052692324109e+03 3.500000000000000000e+00	4.27E+03	2000164920496656515047738669268992 786733209989304156429301428781056	21717300612909687343588511494176768	7811950885602160283065457194303488 457684469334576041493777113677824
0118	1.200000000000000000e+05 4.084748052692324109e+03 4.000000000000000000e+00	4.27E+03	677364282803848038694441541697536 207934630133943237328499696992256	10370580927918881697520025507725312	12981870969353441382578483523223552 864332697616104168438945441382400
0119	1.200000000000000000e+05 4.084748052692324109e+03 4.500000000000000000e+00	4.27E+03	224703296292557651612851435995136 55868341710317611623565609664512	5377151085390480850018933636333568	19864302597386643595935374154661888 1464139357641968434333666508800000
0120	1.200000000000000000e+05 5.142416805961092905e+03 3.500000000000000000e+00	5.38E+03	2119826619798160233496527597731840 823370933395992079329085450354688	24540307175499443709277230531084288	9231498198562401461474051674341376 545101264008728087422329354715136
0121	1.200000000000000000e+05 5.142416805961092905e+03 4.000000000000000000e+00	5.38E+03	686344292874880116273679544877056 209718670762773625674422879780864	11314065102914321800386606280998912	14600874383458480791943178205790208 982209160150240155232157281812480
0122	1.200000000000000000e+05 5.142416805961092905e+03 4.500000000000000000e+00	5.38E+03	217508822023528037833371205763072 53880060426192006108266027286528	5683900813358000681681094491242496	21350863571915922214133526154969088 1589425898416536103187674178781184
0123	1.200000000000000000e+05 6.473904288329098563e+03 3.500000000000000000e+00	6.77E+03	2239793334426752356548013029588992 860684475076424096177718321741824	27712825418775923076005278768955392	10886983838064240728759889098178560 647876477505664071600725716631552
0124	1.200000000000000000e+05 6.473904288329098563e+03 4.000000000000000000e+00	6.77E+03	694738195062488159563313756241920 211268268238234429127542161014784	12349412717597443042401886889050112	16400285392497042722171402701504512 1113895042100968092592108990365696
0125	1.200000000000000000e+05 6.473904288329098563e+03 4.500000000000000000e+00	6.77E+03	209066775259781622094219884625920 51541310550549609757794375827456	6021391301741841164758732802883584	22975458933684240778610207050694656 1725648135771112256678296046010368
0126	1.200000000000000000e+05 8.150200155073142014e+03 3.500000000000000000e+00	8.52E+03	2343127742690016169768495167307776 894586031578352145025567098404864	31127412198599204944594421090877440	12750956424669760870011440793124864 764664453970584180004200898363392
0127	1.200000000000000000e+05 8.150200155073142014e+03 4.000000000000000000e+00	8.53E+03	698966544792904108413994382917632 211534708097484829053818649968640	13422797537776240756899456917438464	18310488733580803535784662456598528 1254731383864336206472345504710656
0128	1.200000000000000000e+05 8.150200155073142014e+03 4.500000000000000000e+00	8.53E+03	198702832900746421929180231892992 48667288679331213525104415735808	6380113249168082028209771609325568	24698646014414240489108136779579392 1869908424098360221614052997070848
0129	1.200000000000000000e+05 1.026044683521766638e+04 3.500000000000000000e+00	1.07E+04	2433630574791176380066113609793536 926259780054000177506575705964544	34856972158836004859812054766190592	14864174379047681368334663570948096 898195379615560128984539860041728
0130	1.200000000000000000e+05 1.026044683521766638e+04 4.000000000000000000e+00	1.07E+04	701926987673464203671636310753280 211423766248122458077386422353920	14618397813034323125933550629552128	20445625926660242806217802086612992 1412382443120016179833804230230016
0131	1.200000000000000000e+05 1.026044683521766638e+04 4.500000000000000000e+00	1.07E+04	185658942148218408797752157798400 45045381187478404640590717255680	6760216172953921017584880768253952	26518720316689841220907975770636288 2021943612920008264947736294457344
0132	1.400000000000000000e+05 1.026044683521766501e+03 3.500000000000000000e+00	7.15E+02	1333879870897328278222687807995904 564158741259040069290391295229952	9711807628335681229584939951849472	2755230362703000508465805623558144 160879138134028028027813161336832
0133	1.400000000000000000e+05 1.026044683521766501e+03 4.000000000000000000e+00	7.15E+02	582525448503888067362386939478016 186927746101977630161001475211264	6164090629277521331014243197124608	6565425012105761853684257457700864 402515569634120107223506892095488
0134	1.400000000000000000e+05 1.026044683521766501e+03 4.500000000000000000e+00	7.15E+02	244201849628609626565559753637888 61584687781508014954878966169600	3912120604538000409138531059892224	13793540677505364138312186613202944 897062038351184148707586634416128
0135	1.400000000000000000e+05 1.291710751444522657e+03 3.500000000000000000e+00	9.00E+02	1442788284745808358721774138949632 602175014330312097105014880731136	11179140675873039694916389171101696	3245991052948560525522497630633984 189061657253056020593679462825984
0136	1.400000000000000000e+05 1.291710751444522657e+03 4.000000000000000000e+00	9.00E+02	608233456023256095671271276150784 193262794831741608513413691998208	6737369926885761004496949988032512	7289238344670961619439646926700544 452119434788392082822992385540096
0137	1.400000000000000000e+05 1.291710751444522657e+03 4.500000000000000000e+00	9.00E+02	244684192493896826917332526825472 61514713677058407331768601411584	4164924484459760490581808052699136	14921858160023441826934771914113024 981410737676392215137147376631808
0138	1.400000000000000000e+05 1.626174978476519755e+03 3.500000000000000000e+00	1.13E+03	1556005787675991995007778613624832 640161383938144129052421459542016	12821169756826882407221642418716672	3833564206081119808802002453921792 223305309376737646662072768921600
0139	1.400000000000000000e+05 1.626174978476519755e+03 4.000000000000000000e+00	1.13E+03	632954649249104188304400354115584 198320965672617640837749858631680	7361066463853841636442874230865920	8104047916484080842754592088260608 508918073246328116115762642419712
0140	1.400000000000000000e+05 1.626174978476519755e+03 4.500000000000000000e+00	1.13E+03	243666577633033635690540699746304 61105933331833619151203816439808	4419731896432000223071030455828480	16051880139957604251962715213398016 1067969302949816257178661661179904
0141	1.400000000000000000e+05 2.047228290505137920e+03 3.500000000000000000e+00	1.43E+03	1676438996334248024764811734679552 679490419054432112347300310810624	14660083241069682697096016762503168	4533843512919040593272192481886208 264631297781548811935889982750720
0142	1.400000000000000000e+05 2.047228290505137920e+03 4.000000000000000000e+00	1.43E+03	650522934020104174223792055255040 201764050453099272274578035965952	8031262886471122110921925176852480	9014877509403040558703806976622592 573524506008448086350969280921600
0143	1.400000000000000000e+05 2.047228290505137920e+03 4.500000000000000000e+00	1.43E+03	241579315884921614311139269672960 60446860997615997467606319628288	4681088166897600707805440196476928	17204867979813683503013319650836480 1158789111763440178672960645627904
0144	1.400000000000000000e+05 2.577319587628865520e+03 3.500000000000000000e+00	1.80E+03	1803400131061456038643724082741248 720117264484016161275216981393408	16743397732007602140055462119211008	5371678751580960813684686994800640 314665174740088013133916997156864
0145	1.400000000000000000e+05 2.577319587628865520e+03 4.000000000000000000e+00	1.80E+03	664891548203024097947805775036416 205092904003240045999891329056768	8765093879288720708367794000887808	10054591029748401917908710940737536 648181492832752043857857992458240
0146	1.400000000000000000e+05 2.577319587628865520e+03 4.500000000000000000e+00	1.80E+03	238112009299053628735845799297024 59446291110913605326280067121152	4946032852976000696605890739961856	18364464485090003642158733515030528 1253254152770400165636005645254656
0147	1.400000000000000000e+05 3.244638181035417347e+03 3.500000000000000000e+00	2.26E+03	1928423521357752262680899166928896 758842249638816069525605414076416	19016928153887363324786367786909696	6342375078306802199750326511206400 373317827931304006366923782619136
0148	1.400000000000000000e+05 3.244638181035417347e+03 4.000000000000000000e+00	2.26E+03	678578363419512058253196511936512 208243532911278404004338601033728	9554395796787522231967533810843648	11228541197475920073318288016277504 733475141602664239098814682628096
0149	1.400000000000000000e+05 3.244638181035417347e+03 4.500000000000000000e+00	2.26E+03	233865717490573639130278545850368 58235200841593610574404710825984	5225181684188400956119834637107200	19570889814113362353397562511196160 1354902005695648183122410990469120
0150	1.400000000000000000e+05 4.084748052692324109e+03 3.500000000000000000e+00	2.85E+03	2057322400515872354631924930576384 798428454540688060513106945638400	21579056901426565480684424527872000	7491266143671601656704230842433536 443453411083480069935924009500672
0151	1.400000000000000000e+05 4.084748052692324109e+03 4.000000000000000000e+00	2.85E+03	691960163308912046301454973009920 211198892203053637274446824734720	10399288252821282341734370357805056	12545011271958482022659775342313472 829865965655160132848860604137472
0152	1.400000000000000000e+05 4.084748052692324109e+03 4.500000000000000000e+00	2.85E+03	228530042508974439393561034096640 56731953734464804318351491858432	5515305086483281067996706710224896	20806261695746646863935243141775360 1462850518367704244962883927015424
0153	1.400000000000000000e+05 5.142416805961092905e+03 3.500000000000000000e+00	3.58E+03	2185380992351328411393205326577664 837326879783440074497023285395456	24412410062366561713466920562327552	8827831345585841981737051271200768 525924172904656122085399387439104
0154	1.400000000000000000e+05 5.142416805961092905e+03 4.000000000000000000e+00	3.58E+03	704522608300056190822523873525760 213826509535526439458806974906368	11313855778670242189604057423806464	14025800878043840501736322558328832 939070423791696165227635897532416
0155	1.400000000000000000e+05 5.142416805961092905e+03 4.500000000000000000e+00	3.58E+03	221800567096436837009778997723136 54837868360175205600623840985088	5807461924292081187074711389995008	22038553520645602937065505418117120 1575541720341344126924094774968320
0156	1.400000000000000000e+05 6.473904288329098563e+03 3.500000000000000000e+00	4.51E+03	2305461340140992216098220424560640 875035147181280123262033490608128	27544409112681847905095023379611648	10376172875582162005553516327731200 622416668732848030607020746866688
0157	1.400000000000000000e+05 6.473904288329098563e+03 4.000000000000000000e+00	4.51E+03	714896119767392119048630811230208 215708035455171240272591453159424	12286764961690639955194429690609664	15661101679723683207169026807562240 1060269161114016204477574850543616
0158	1.400000000000000000e+05 6.473904288329098563e+03 4.500000000000000000e+00	4.51E+03	214020882047886412595717518393344 52626507238787208578031236939776	6117501033237999843554802601558016	23333732329158882640801713249845248 1697135183381072198090411061805056
0159	1.400000000000000000e+05 8.150200155073142014e+03 3.500000000000000000e+00	5.68E+03	2411534905655360774854247366787072 910754834260360122597939580239872	30977894881399204279461552412688384	12152647928162242277767496150810624 734270573730168028286155407491072
0160	1.400000000000000000e+05 8.150200155073142014e+03 4.000000000000000000e+00	5.68E+03	723944907804336208739746141175808 217131141280280859045654974955520	13353391599132003647732538861944832	17489578855225920832101805654540288 1196267122492792136762490034847744
0161	1.400000000000000000e+05 8.150200155073142014e+03 4.500000000000000000e+00	5.68E+03	204606673687705615200614908690432 49952838572616808074413283999744	6444375792100640136445740665798656	24700081380659363749499066921254912 1827726598569896387590851978592256
0162	1.400000000000000000e+05 1.026044683521766638e+04 3.500000000000000000e+00	7.15E+03	2511316782461952300827333500076032 945098962021200023811487210405888	34746927413376803927552405650014208	14188505622620882010442870590275584 863689773152144149207388740648960
0163	1.400000000000000000e+05 1.026044683521766638e+04 4.000000000000000000e+00	7.15E+03	728660683988824111843342188281856 217281256666749654151755036884992	14497856951907679969343436230754304	19494665885804802439510276958060544 1345996754283216131240012522979328
0164	1.400000000000000000e+05 1.026044683521766638e+04 4.500000000000000000e+00	7.15E+03	192278073780662419946319976071168 46473570601372813343593905258496	6769665667400961729238087944372224	26116967285373443782515873009369088 1963054722367616383627068597862400
0165	1.600000000000000000e+05 1.026044683521766501e+03 3.500000000000000000e+00	4.82E+02	1347997295987352207839041056407552 567038444788312053208637440524288	10500212441931280138979596119834624	4319076838492960443075718729957376 279884157378389649081843094388736
0166	1.600000000000000000e+05 1.026044683521766501e+03 4.000000000000000000e+00	4.82E+02	595772682807808110036965889409024 190089140256854455852937146007552	6602056754819760610077574663503872	8384542403551281564811647627821056 507677079513568107482271769952256
0167	1.600000000000000000e+05 1.026044683521766501e+03 4.500000000000000000e+00	4.82E+02	251128687899851244907530456924160 62936623363630412579200575733760	4187053047405360026395778368929792	16361380986561604568099969138950144 1000839017873360246639331853205504
0168	1.600000000000000000e+05 1.291710751444522657e+03 3.500000000000000000e+00	6.06E+02	1458454709242024348078825678045184 605186293098720091662053470633984	12132911642291842411330886369804288	5039810114323840994795726699495424 325675629978696091121806502526976
0169	1.600000000000000000e+05 1.291710751444522657e+03 4.000000000000000000e+00	6.06E+02	621408922014920047383897756925952 196239086547924817273295609004032	7258706908498720578806718327160832	9354879888715840982858050001960960 571338562830984093021270536355840
0170	1.600000000000000000e+05 1.291710751444522657e+03 4.500000000000000000e+00	6.07E+02	251638840986137657989061675057152 62902832449943204278878431346688	4486655847610720053159540207648768	17837864493911602489375762784714752 1097307590930800172878698414866432
0171	1.600000000000000000e+05 1.626174978476519755e+03 3.500000000000000000e+00	7.63E+02	1578986599329632169642171018772480 645532045971968150615092663156736	14010101559737842022929047704567808	5899803819394801107177378724970496 380476717078840054608029330440192
0172	1.600000000000000000e+05 1.626174978476519755e+03 4.000000000000000000e+00	7.64E+02	643148739935800141327205251678208 200357690567516026687574065020928	7967688123197681241500967870922752	10432810035337520951476366564392960 642703178330544138053837217857536
0173	1.600000000000000000e+05 1.626174978476519755e+03 4.500000000000000000e+00	7.64E+02	249815327785566437628463143714816 62328386917260816295789307363328	4778812685419520748698297190842368	19304988217204883649767672360468480 1193058480865680198304856815960064
0174	1.600000000000000000e+05 2.047228290505137920e+03 3.500000000000000000e+00	9.61E+02	1699611190153904345887618673672192 684328799439024149827433564995584	16064589111919604008739417853263872	6888890776136240744215011773120512 443815242991104099192603232174080
0175	1.600000000000000000e+05 2.047228290505137920e+03 4.000000000000000000e+00	9.61E+02	659514905476512134857766400425984 203872543660253640999963654619136	8760817684016799930261475323543552	11667195102677282355804154267435008 724979567639360253095199071272960
0176	1.600000000000000000e+05 2.047228290505137920e+03 4.500000000000000000e+00	9.61E+02	246759492856632857155606558015488 61475540139952001216499276578816	5084067240215041219345171938803712	20837630428895205194776862563237888 1293456369019136114722733937393664
0177	1.600000000000000000e+05 2.577319587628865520e+03 3.500000000000000000e+00	1.21E+03	1825761941021888104271220546994176 724118347892288026242897896538112	18402322269805043742317422791622656	8057159285810162711272307170476032 518986569386576000027143266369536
0178	1.600000000000000000e+05 2.577319587628865520e+03 4.000000000000000000e+00	1.21E+03	671969697999272034849515540316160 206672703976775217176438112256000	9599938771606641053828211693060096	13011266073914962724372353944387584 815485390086864181954922466508800
0179	1.600000000000000000e+05 2.577319587628865520e+03 4.500000000000000000e+00	1.21E+03	242896563449453616008913211097088 60428918919552010755915221303296	5412646496493761060494697270607872	22471077215841763112410529742716928 1401718868057312169197782463152128
0180	1.600000000000000000e+05 3.244638181035417347e+03 3.500000000000000000e+00	1.52E+03	1959618814418360505401623743299584 765717055883672120999352379375616	21071116671434725207809379792846848	9440553311471441608398542731214848 608362040916048099517582616297472
0181	1.600000000000000000e+05 3.244638181035417347e+03 4.000000000000000000e+00	1.52E+03	685982460967256014959406284275712 209866692906801601614267361001472	10523477336487601679475633828134912	14524171999734882097101925152456704 918075202110472033229866503503872
0182	1.600000000000000000e+05 3.244638181035417347e+03 4.500000000000000000e+00	1.52E+03	237877267111049635958034383503360 59073394921816817590695243022336	5751034088780801851934410010525696	24152638675463285116977872338157568 1515648073417368269172785192894464
0183	1.600000000000000000e+05 4.084748052692324109e+03 3.500000000000000000e+00	1.92E+03	2094058805351912069338021171822592 806663868372064176146806848094208	24059698711091767297143497931358208	11049240030689682083285399915986944 712805867672936126905545295659008
0184	1.600000000000000000e+05 4.084748052692324109e+03 4.000000000000000000e+00	1.92E+03	701777470356264008162769163517952 213480825498160039675766312534016	11554010493556882650120253865984000	16244906996462801425912119953457152 1035473209229568230262794312744960
0185	1.600000000000000000e+05 4.084748052692324109e+03 4.500000000000000000e+00	1.92E+03	231826600318600026229191244513280 57430199605788814102819804020736	6102280170347041298622999854841856	25883690367078003380265904636952576 1636132117963471982056432862232576
0186	1.600000000000000000e+05 5.142416805961092905e+03 3.500000000000000000e+00	2.41E+03	2220427851503008467687931746713600 844760880794624099128044102352896	27329851762499845636298841574604800	12881395332195041433671285761638400 832356924159712026378097586601984
0187	1.600000000000000000e+05 5.142416805961092905e+03 4.000000000000000000e+00	2.41E+03	714211330454616004722338648031232 215955337097820039961545296314368	12619291475143443574272242181210112	18076404421772481011334419727777792 1161644892521960324424140069011456
0188	1.600000000000000000e+05 5.142416805961092905e+03 4.500000000000000000e+00	2.41E+03	225103404633384809286581912338432 55558541829079212285504908165120	6475774428712640552824804193861632	27705140228671845507224794770178048 1766203212888440430817042361221120
0189	1.600000000000000000e+05 6.473904288329098563e+03 3.500000000000000000e+00	3.04E+03	2340029743877632050287098585939968 883064227114920202560101412765696	31017666487774404115122130117459968	15013811310101443458088281034457088 972206451629560348697766918094848
0190	1.600000000000000000e+05 6.473904288329098563e+03 4.000000000000000000e+00	3.04E+03	726857505143392051202502321766400 218419382485276052502437433442304	13795843244190239856920224042319872	20139743399132482350301776160227328 1304362162135704243204160938311680
0191	1.600000000000000000e+05 6.473904288329098563e+03 4.500000000000000000e+00	3.04E+03	217259128103804047121951286624256 53336415460852801618619433746432	6858179919183361025415473816141824	29557749499170166354242755467673600 1902512170286992348944052030275584
0192	1.600000000000000000e+05 8.150200155073142014e+03 3.500000000000000000e+00	3.83E+03	2448402885730536500199136052641792 919947158921816105982583696785408	35109955459538408807568711847247872	17461379889202002207300377018105856 1133622356932336226881651609698304
0193	1.600000000000000000e+05 8.150200155073142014e+03 4.000000000000000000e+00	3.83E+03	737072528254496195887863026417664 220084108294980829235703084744704	15074186402786802535931603448758272	22420061907213123101294100612120576 1463445597290160299629931032215552
0194	1.600000000000000000e+05 8.150200155073142014e+03 4.500000000000000000e+00	3.83E+03	208225291798580027422038497951744 50744383249873610008630239690752	7270100128069360805656248824365056	31516456257953600320366811998584832 2049936245046192294565413709152256
0195	1.600000000000000000e+05 1.026044683521766638e+04 3.500000000000000000e+00	4.82E+03	2551686458105952342062627490365440 955373792059184016116093852581888	39617005469215208492128447907233792	20247156639808961916864071777386496 1318040006313160183132108361826304
0196	1.600000000000000000e+05 1.026044683521766638e+04 4.000000000000000000e+00	4.82E+03	742544862064016232222109667950592 220346062634715255002054935969792	16440505550823842712013017620414464	24909405624739361913673472014286848 1638138640360296072240423604584448
0197	1.600000000000000000e+05 1.026044683521766638e+04 4.500000000000000000e+00	4.82E+03	196382623172436819053215452495872 47375459058723206513025079050240	7675800416559841445515886441005056	33427885641038402477745443824467968 2198541506611272185028238209187840
0198	1.800000000000000000e+05 1.026044683521766501e+03 3.500000000000000000e+00	3.46E+02	1366289244573600108156603127037952 572136985304832177231468517392384	10878670675227922021788749314129920	5396079977748000900098278274629632 362352227887856030266250844176384
0199	1.800000000000000000e+05 1.026044683521766501e+03 4.000000000000000000e+00	3.46E+02	610105412834600096366394431504384 193647951440848840311129702924288	6784527688730640611993662762516480	9441629836155280594927226516930560 569155609999864034426458858323968
0200	1.800000000000000000e+05 1.026044683521766501e+03 4.500000000000000000e+00	3.46E+02	258710412020428873622185259827200 64442262747834409857719870685184	4321917667519760266634116479320064	17801023426953521816356887508025344 1067362262641984031226502062276608
0201	1.800000000000000000e+05 1.291710751444522657e+03 3.500000000000000000e+00	4.35E+02	1476130646481408290297160988098560 609758532658696029014526693212160	12572881299884561917900915549929472	6280056260497841300867671562125312 420980958308320113274596869799936
0202	1.800000000000000000e+05 1.291710751444522657e+03 4.000000000000000000e+00	4.35E+02	632876900244160083757485676036096 198952227785836040784389655756800	7447009017780401432154785603125248	10478502527473840977652228124835840 636833128457272063010732138037248
0203	1.800000000000000000e+05 1.291710751444522657e+03 4.500000000000000000e+00	4.35E+02	258370110606481635625294758936576 64193166897379216901916470542336	4615868713134961002436270015643648	19281992453819523585286062508867584 1162841031059560159112820336623616
0204	1.800000000000000000e+05 1.626174978476519755e+03 3.500000000000000000e+00	5.48E+02	1594895241879712276844627791708160 649261007862936045985339413626880	14523095475051040804730232153047040	7331940490463281770663431666401280 490928149640824109205257705226240
0205	1.800000000000000000e+05 1.626174978476519755e+03 4.000000000000000000e+00	5.48E+02	652825500704984072172283684192256 202543035675711204247257781108736	8172885689322960984805742571683840	11646382292123041196995851487019008 713750817117640111601753167757312
0206	1.800000000000000000e+05 1.626174978476519755e+03 4.500000000000000000e+00	5.48E+02	256449411149730446710639465332736 63626197230556818878432343490560	4919538384368161043602297067667456	20820346227026881098341969282727936 1260514713693632084533498555138048
0207	1.800000000000000000e+05 2.047228290505137920e+03 3.500000000000000000e+00	6.90E+02	1717092754880928278940246421274624 688482390510840072981274655981568	16693130009964962385907428345511936	8553496971987280840672263337410560 572456952363640039335818239672320
0208	1.800000000000000000e+05 2.047228290505137920e+03 4.000000000000000000e+00	6.90E+02	667167201770808078879155539673088 205645220972976817945977448038400	8988831592746802212802755125313536	12993174478533761117423204734861312 802794360202928177702730301702144
0209	1.800000000000000000e+05 2.047228290505137920e+03 4.500000000000000000e+00	6.90E+02	252670211440183251638228967489536 62637289694596019000425230368768	5228979424045280647429176600559616	22403764519638324416912109472841728 1360709258295696115523412876591104
0210	1.800000000000000000e+05 2.577319587628865520e+03 3.500000000000000000e+00	8.68E+02	1848078895787160212126688520175616 729656469321376212011728836231168	19184806197639524767039804317630464	10003695334973521025570021381767168 669586391963104097619222166765568
0211	1.800000000000000000e+05 2.577319587628865520e+03 4.000000000000000000e+00	8.69E+02	679017944332080192056790412689408 208326365505007262452395926355968	9859530737729282430915164380332032	14480154101551203568872472876941312 901912380121152213357644306448384
0212	1.800000000000000000e+05 2.577319587628865520e+03 4.500000000000000000e+00	8.69E+02	248348861938468864479611683078144 61512620434617615187110784925696	5563060917596960881068135770226688	24120013996850244509754941346152448 1470105098598248006160226552119296
0213	1.800000000000000000e+05 3.244638181035417347e+03 3.500000000000000000e+00	1.09E+03	1979169698815432238934781199384576 769906531111616125662966723903488	21979793214986003491936713289236480	11688875113671280584515582762680320 782785952815223981380716166381568
0214	1.800000000000000000e+05 3.244638181035417347e+03 4.000000000000000000e+00	1.09E+03	693260963968552118726973896785920 211624717522439224540477184278528	10841082021683841091801478680543232	16190781727636401268144369823645696 1016430683710976066184355780755456
0215	1.800000000000000000e+05 3.244638181035417347e+03 4.500000000000000000e+00	1.09E+03	242570017628688816463195194523648 60026717336284015901530654769152	5912034335941760930078609257791488	25916404756081364479493644914524160 1585774685530512312364342106390528
0216	1.800000000000000000e+05 4.084748052692324109e+03 3.500000000000000000e+00	1.38E+03	2112443454674824324337685556625408 810030998355408042260374375890944	25129375501804004659415030675013632	13652426233532002672155267004628992 915243344122704085933723991670784
0217	1.800000000000000000e+05 4.084748052692324109e+03 4.000000000000000000e+00	1.38E+03	708278483308120075267506526224384 214975998670160013180601741869056	11908785183809041465025262423900160	18111062535899440472836978719588352 1145634578196184130392513820229632
0218	1.800000000000000000e+05 4.084748052692324109e+03 4.500000000000000000e+00	1.38E+03	235686539379435224554606468005888 58224435594755214944510349934592	6273178463906641242601443492364288	27781962226249201015000778181443584 1708387856673543961578141573447680
0219	1.800000000000000000e+05 5.142416805961092905e+03 3.500000000000000000e+00	1.73E+03	2246091003827216538224787592314880 851061540541431999366923617828864	28723113931096322160800372812152832	15970034360522324250347503947350016 1072045145016688147843182112014336
0220	1.800000000000000000e+05 5.142416805961092905e+03 4.000000000000000000e+00	1.73E+03	721343306485056063888708293623808 217610792833858460489954157920256	13046462450383840526217750222209024	20218329701052802153871987355680768 1288280079497672174383364334157824
0221	1.800000000000000000e+05 5.142416805961092905e+03 4.500000000000000000e+00	1.73E+03	228244464433122439229961899343872 56214324782318410284414531534848	6659830246185841560682492292235264	29772127428571518415657281846771712 1842110164484535912931706993115136
0222	1.800000000000000000e+05 6.473904288329098563e+03 3.500000000000000000e+00	2.18E+03	2362191200633016093163925278818304 888396014646272063762924220448768	32649498487695207011727285438906368	18593255883869442502598329746063360 1250401362358224314907683478044672
0223	1.800000000000000000e+05 6.473904288329098563e+03 4.000000000000000000e+00	2.18E+03	734865652652624082953202512691200 220287152811738450893846446342144	14310631367309843867131575774740480	22616467855087044203752263421788160 1451059582733312411750059219091456
0224	1.800000000000000000e+05 6.473904288329098563e+03 4.500000000000000000e+00	2.18E+03	220459994830421632770968268046336 54034362297542403518080231669760	7084668751277919555561014190669824	31935403780748005974875017182183424 1990266874098016225674246582435840
0225	1.800000000000000000e+05 8.150200155073142014e+03 3.500000000000000000e+00	2.75E+03	2472591797307152536692133143248896 926158108278304090677406230118400	37099133847567205407858331798732800	21660274708129602038265970794954752 1459758500248008139066449554571264
0226	1.800000000000000000e+05 8.150200155073142014e+03 4.000000000000000000e+00	2.75E+03	746219997720792077385290576035840 222244035459252057145688469798912	15698899657511841442095837084647424	25311068945665443471746783917375488 1634834307650176204653771194630144
0227	1.800000000000000000e+05 8.150200155073142014e+03 4.500000000000000000e+00	2.75E+03	210929761032093638440696745558016 51329893064028810513820493545472	7511660305737681288104426694770688	34115366265524003589894874230423552 2143088524008136470163391518867456
0228	1.800000000000000000e+05 1.026044683521766638e+04 3.500000000000000000e+00	3.46E+03	2577523050518112518333011243040768 962063196830712222916764644671488	42003002817092803140661770478157824	25149679953479763798810417241784320 1698752960753176269942986679255040
0229	1.800000000000000000e+05 1.026044683521766638e+04 4.000000000000000000e+00	3.46E+03	752045192398904050541179088928768 222561909275619244198970687225856	17182201154526162168091998228054016	28261912814461204579699952350920704 1837274774446288314589619070959616
0230	1.800000000000000000e+05 1.026044683521766638e+04 4.500000000000000000e+00	3.46E+03	199027584513704810193650181996544 47948708452868007992080419782656	7959793608849520603173421194412032	36378161344028806618582844685942784 2304788512213592273057040755064832
