60000	36.6	3.5	4.90e+03	0.00	0.00	6.05	3.70	0.21
60000	36.6	4.0	4.90e+03	0.00	0.00	2.53	5.36	0.33
60000	36.6	4.5	4.90e+03	0.00	0.00	1.65	8.32	0.50
60000	36.7	3.5	6.17e+03	0.00	0.00	6.34	4.23	0.24
60000	36.7	4.0	6.17e+03	0.00	0.00	2.58	5.68	0.36
60000	36.7	4.5	6.17e+03	0.00	0.00	1.68	8.66	0.52
60000	36.8	3.5	7.77e+03	0.00	0.00	6.61	4.76	0.28
60000	36.8	4.0	7.77e+03	0.00	0.00	2.62	5.94	0.37
60000	36.8	4.5	7.77e+03	0.00	0.00	1.70	8.92	0.54
60000	36.9	3.5	9.78e+03	0.00	0.00	6.84	5.28	0.31
60000	36.9	4.0	9.78e+03	0.00	0.00	2.66	6.13	0.38
60000	36.9	4.5	9.78e+03	0.00	0.00	1.72	9.13	0.55
60000	37.0	3.5	1.23e+04	0.00	0.00	7.05	5.76	0.34
60000	37.0	4.0	1.23e+04	0.00	0.00	2.69	6.23	0.39
60000	37.0	4.5	1.23e+04	0.00	0.00	1.73	9.28	0.55
60000	37.1	3.5	1.55e+04	0.00	0.00	7.25	6.19	0.36
60000	37.1	4.0	1.55e+04	0.00	0.00	2.71	6.27	0.38
60000	37.1	4.5	1.55e+04	0.00	0.00	1.74	9.39	0.55
60000	37.2	3.5	1.95e+04	0.00	0.00	7.40	6.52	0.38
60000	37.2	4.0	1.95e+04	0.00	0.00	2.73	6.25	0.38
60000	37.2	4.5	1.95e+04	0.00	0.00	1.75	9.50	0.55
60000	37.3	3.5	2.46e+04	0.00	0.00	7.53	6.76	0.40
60000	37.3	4.0	2.46e+04	0.00	0.00	2.73	6.20	0.37
60000	37.3	4.5	2.46e+04	0.00	0.00	1.75	9.56	0.54
60000	37.4	3.5	3.09e+04	0.00	0.00	7.63	6.93	0.41
60000	37.4	4.0	3.09e+04	0.00	0.00	2.72	6.10	0.35
60000	37.4	4.5	3.09e+04	0.00	0.00	1.74	9.56	0.53
60000	37.5	3.5	3.89e+04	0.00	0.00	7.68	6.99	0.41
60000	37.5	4.0	3.89e+04	0.00	0.00	2.68	5.96	0.34
60000	37.5	4.5	3.89e+04	0.00	0.00	1.73	9.56	0.51
60000	37.6	3.5	4.90e+04	0.00	0.00	7.70	7.01	0.41
60000	37.6	4.0	4.90e+04	0.00	0.00	2.62	5.78	0.32
60000	37.6	4.5	4.90e+04	0.00	0.00	1.69	9.46	0.49
80000	36.6	3.5	2.58e+03	0.00	0.00	5.54	2.90	0.17
80000	36.6	4.0	2.58e+03	0.00	0.00	2.43	4.63	0.28
80000	36.6	4.5	2.58e+03	0.00	0.00	1.59	7.55	0.44
80000	36.7	3.5	3.24e+03	0.00	0.00	5.88	3.37	0.20
80000	36.7	4.0	3.24e+03	0.00	0.00	2.48	4.99	0.30
80000	36.7	4.5	3.24e+03	0.00	0.00	1.61	7.93	0.47
80000	36.8	3.5	4.08e+03	0.00	0.00	6.20	3.88	0.23
80000	36.8	4.0	4.08e+03	0.00	0.00	2.53	5.32	0.32
80000	36.8	4.5	4.08e+03	0.00	0.00	1.63	8.26	0.49
80000	36.9	3.5	5.14e+03	0.00	0.00	6.49	4.39	0.26
80000	36.9	4.0	5.14e+03	0.00	0.00	2.57	5.60	0.34
80000	36.9	4.5	5.14e+03	0.00	0.00	1.65	8.53	0.50
80000	37.0	3.5	6.47e+03	0.00	0.00	6.75	4.91	0.29
80000	37.0	4.0	6.47e+03	0.00	0.00	2.61	5.84	0.35
80000	37.0	4.5	6.47e+03	0.00	0.00	1.66	8.74	0.51
80000	37.1	3.5	8.15e+03	0.00	0.00	6.99	5.42	0.32
80000	37.1	4.0	8.15e+03	0.00	0.00	2.63	5.97	0.36
80000	37.1	4.5	8.15e+03	0.00	0.00	1.67	8.86	0.51
80000	37.2	3.5	1.03e+04	0.00	0.00	7.19	5.89	0.35
80000	37.2	4.0	1.03e+04	0.00	0.00	2.65	6.04	0.35
80000	37.2	4.5	1.03e+04	0.00	0.00	1.67	8.94	0.51
80000	37.3	3.5	1.29e+04	0.00	0.00	7.35	6.31	0.37
80000	37.3	4.0	1.29e+04	0.00	0.00	2.64	6.02	0.35
80000	37.3	4.5	1.29e+04	0.00	0.00	1.66	8.94	0.50
80000	37.4	3.5	1.63e+04	0.00	0.00	7.47	6.66	0.39
80000	37.4	4.0	1.63e+04	0.00	0.00	2.62	5.93	0.33
80000	37.4	4.5	1.63e+04	0.00	0.00	1.65	8.89	0.49
80000	37.5	3.5	2.05e+04	0.00	0.00	7.55	6.94	0.41
80000	37.5	4.0	2.05e+04	0.00	0.00	2.57	5.80	0.32
80000	37.5	4.5	2.05e+04	0.00	0.00	1.61	8.75	0.47
80000	37.6	3.5	2.58e+04	0.00	0.00	7.55	7.12	0.42
80000	37.6	4.0	2.58e+04	0.00	0.00	2.49	5.60	0.30
80000	37.6	4.5	2.58e+04	0.00	0.00	1.57	8.55	0.44
100000	36.6	3.5	1.56e+03	0.00	0.00	5.14	2.47	0.14
100000	36.6	4.0	1.56e+03	0.00	0.00	2.36	4.11	0.25
100000	36.6	4.5	1.56e+03	0.00	0.00	1.57	7.05	0.41
100000	36.7	3.5	1.97e+03	0.00	0.00	5.51	2.89	0.17
100000	36.7	4.0	1.97e+03	0.00	0.00	2.41	4.46	0.27
100000	36.7	4.5	1.97e+03	0.00	0.00	1.58	7.40	0.43
100000	36.8	3.5	2.47e+03	0.00	0.00	5.85	3.35	0.20
100000	36.8	4.0	2.47e+03	0.00	0.00	2.46	4.81	0.29
100000	36.8	4.5	2.47e+03	0.00	0.00	1.60	7.73	0.45
100000	36.9	3.5	3.11e+03	0.00	0.00	6.16	3.83	0.23
100000	36.9	4.0	3.11e+03	0.00	0.00	2.51	5.13	0.30
100000	36.9	4.5	3.11e+03	0.00	0.00	1.61	8.02	0.47
100000	37.0	3.5	3.92e+03	0.00	0.00	6.46	4.34	0.26
100000	37.0	4.0	3.92e+03	0.00	0.00	2.55	5.41	0.32
100000	37.0	4.5	3.92e+03	0.00	0.00	1.62	8.26	0.48
100000	37.1	3.5	4.94e+03	0.00	0.00	6.71	4.85	0.29
100000	37.1	4.0	4.94e+03	0.00	0.00	2.57	5.62	0.33
100000	37.1	4.5	4.94e+03	0.00	0.00	1.62	8.45	0.49
100000	37.2	3.5	6.21e+03	0.00	0.00	6.95	5.36	0.32
100000	37.2	4.0	6.21e+03	0.00	0.00	2.59	5.78	0.33
100000	37.2	4.5	6.21e+03	0.00	0.00	1.62	8.56	0.49
100000	37.3	3.5	7.82e+03	0.00	0.00	7.14	5.84	0.35
100000	37.3	4.0	7.82e+03	0.00	0.00	2.58	5.84	0.33
100000	37.3	4.5	7.82e+03	0.00	0.00	1.61	8.59	0.48
100000	37.4	3.5	9.85e+03	0.00	0.00	7.29	6.29	0.37
100000	37.4	4.0	9.85e+03	0.00	0.00	2.56	5.83	0.32
100000	37.4	4.5	9.85e+03	0.00	0.00	1.59	8.52	0.47
100000	37.5	3.5	1.24e+04	0.00	0.00	7.38	6.69	0.40
100000	37.5	4.0	1.24e+04	0.00	0.00	2.51	5.72	0.31
100000	37.5	4.5	1.24e+04	0.00	0.00	1.56	8.38	0.45
100000	37.6	3.5	1.56e+04	0.00	0.00	7.40	7.02	0.42
100000	37.6	4.0	1.56e+04	0.00	0.00	2.43	5.55	0.29
100000	37.6	4.5	1.56e+04	0.00	0.00	1.51	8.15	0.42
120000	36.6	3.5	1.07e+03	0.00	0.00	5.00	2.29	0.14
120000	36.6	4.0	1.07e+03	0.00	0.00	2.38	3.92	0.24
120000	36.6	4.5	1.07e+03	0.00	0.00	1.61	7.20	0.41
120000	36.7	3.5	1.35e+03	0.00	0.00	5.37	2.69	0.16
120000	36.7	4.0	1.35e+03	0.00	0.00	2.43	4.24	0.25
120000	36.7	4.5	1.35e+03	0.00	0.00	1.63	7.52	0.43
120000	36.8	3.5	1.70e+03	0.00	0.00	5.70	3.11	0.19
120000	36.8	4.0	1.70e+03	0.00	0.00	2.47	4.55	0.27
120000	36.8	4.5	1.70e+03	0.00	0.00	1.64	7.80	0.44
120000	36.9	3.5	2.14e+03	0.00	0.00	6.02	3.57	0.22
120000	36.9	4.0	2.14e+03	0.00	0.00	2.51	4.86	0.29
120000	36.9	4.5	2.14e+03	0.00	0.00	1.64	8.04	0.46
120000	37.0	3.5	2.70e+03	0.00	0.00	6.32	4.06	0.25
120000	37.0	4.0	2.70e+03	0.00	0.00	2.54	5.16	0.30
120000	37.0	4.5	2.70e+03	0.00	0.00	1.64	8.25	0.47
120000	37.1	3.5	3.39e+03	0.00	0.00	6.58	4.55	0.27
120000	37.1	4.0	3.39e+03	0.00	0.00	2.56	5.39	0.31
120000	37.1	4.5	3.39e+03	0.00	0.00	1.64	8.40	0.47
120000	37.2	3.5	4.27e+03	0.00	0.00	6.82	5.05	0.31
120000	37.2	4.0	4.27e+03	0.00	0.00	2.57	5.59	0.32
120000	37.2	4.5	4.27e+03	0.00	0.00	1.63	8.49	0.48
120000	37.3	3.5	5.38e+03	0.00	0.00	7.01	5.54	0.33
120000	37.3	4.0	5.38e+03	0.00	0.00	2.57	5.71	0.32
120000	37.3	4.5	5.38e+03	0.00	0.00	1.61	8.50	0.47
120000	37.4	3.5	6.77e+03	0.00	0.00	7.18	6.03	0.36
120000	37.4	4.0	6.77e+03	0.00	0.00	2.54	5.75	0.32
120000	37.4	4.5	6.77e+03	0.00	0.00	1.58	8.45	0.46
120000	37.5	3.5	8.52e+03	0.00	0.00	7.29	6.47	0.39
120000	37.5	4.0	8.53e+03	0.00	0.00	2.49	5.69	0.31
120000	37.5	4.5	8.53e+03	0.00	0.00	1.55	8.30	0.44
120000	37.6	3.5	1.07e+04	0.00	0.00	7.32	6.87	0.41
120000	37.6	4.0	1.07e+04	0.00	0.00	2.41	5.56	0.30
120000	37.6	4.5	1.07e+04	0.00	0.00	1.50	8.06	0.42
140000	36.6	3.5	7.15e+02	0.00	0.00	5.23	2.44	0.15
140000	36.6	4.0	7.15e+02	0.00	0.00	2.59	4.52	0.27
140000	36.6	4.5	7.15e+02	0.00	0.00	1.74	8.62	0.46
140000	36.7	3.5	9.00e+02	0.00	0.00	5.63	2.79	0.17
140000	36.7	4.0	9.00e+02	0.00	0.00	2.65	4.78	0.29
140000	36.7	4.5	9.00e+02	0.00	0.00	1.77	9.04	0.48
140000	36.8	3.5	1.13e+03	0.00	0.00	5.99	3.18	0.20
140000	36.8	4.0	1.13e+03	0.00	0.00	2.69	5.03	0.30
140000	36.8	4.5	1.13e+03	0.00	0.00	1.78	9.40	0.50
140000	36.9	3.5	1.43e+03	0.00	0.00	6.34	3.61	0.22
140000	36.9	4.0	1.43e+03	0.00	0.00	2.72	5.25	0.31
140000	36.9	4.5	1.43e+03	0.00	0.00	1.79	9.70	0.51
140000	37.0	3.5	1.80e+03	0.00	0.00	6.67	4.07	0.25
140000	37.0	4.0	1.80e+03	0.00	0.00	2.75	5.45	0.32
140000	37.0	4.5	1.80e+03	0.00	0.00	1.80	9.92	0.52
140000	37.1	3.5	2.26e+03	0.00	0.00	6.95	4.53	0.28
140000	37.1	4.0	2.26e+03	0.00	0.00	2.75	5.62	0.33
140000	37.1	4.5	2.26e+03	0.00	0.00	1.79	10.04	0.53
140000	37.2	3.5	2.85e+03	0.00	0.00	7.21	5.01	0.31
140000	37.2	4.0	2.85e+03	0.00	0.00	2.74	5.75	0.33
140000	37.2	4.5	2.85e+03	0.00	0.00	1.78	10.06	0.53
140000	37.3	3.5	3.58e+03	0.00	0.00	7.43	5.49	0.34
140000	37.3	4.0	3.58e+03	0.00	0.00	2.72	5.84	0.33
140000	37.3	4.5	3.58e+03	0.00	0.00	1.75	9.91	0.52
140000	37.4	3.5	4.51e+03	0.00	0.00	7.60	5.96	0.36
140000	37.4	4.0	4.51e+03	0.00	0.00	2.67	5.86	0.33
140000	37.4	4.5	4.51e+03	0.00	0.00	1.70	9.64	0.50
140000	37.5	3.5	5.68e+03	0.00	0.00	7.71	6.42	0.39
140000	37.5	4.0	5.68e+03	0.00	0.00	2.60	5.83	0.32
140000	37.5	4.5	5.68e+03	0.00	0.00	1.65	9.23	0.47
140000	37.6	3.5	7.15e+03	0.00	0.00	7.75	6.84	0.42
140000	37.6	4.0	7.15e+03	0.00	0.00	2.50	5.71	0.30
140000	37.6	4.5	7.15e+03	0.00	0.00	1.57	8.70	0.44
160000	36.6	3.5	4.82e+02	0.00	0.00	6.18	4.03	0.27
160000	36.6	4.0	4.82e+02	0.00	0.00	3.03	6.45	0.39
160000	36.6	4.5	4.82e+02	0.00	0.00	1.97	11.18	0.56
160000	36.7	3.5	6.06e+02	0.00	0.00	6.75	4.63	0.31
160000	36.7	4.0	6.06e+02	0.00	0.00	3.15	7.00	0.42
160000	36.7	4.5	6.07e+02	0.00	0.00	2.02	11.97	0.60
160000	36.8	3.5	7.63e+02	0.00	0.00	7.34	5.32	0.36
160000	36.8	4.0	7.64e+02	0.00	0.00	3.25	7.56	0.45
160000	36.8	4.5	7.64e+02	0.00	0.00	2.06	12.73	0.63
160000	36.9	3.5	9.61e+02	0.00	0.00	7.90	6.07	0.41
160000	36.9	4.0	9.61e+02	0.00	0.00	3.36	8.15	0.48
160000	36.9	4.5	9.61e+02	0.00	0.00	2.10	13.47	0.66
160000	37.0	3.5	1.21e+03	0.00	0.00	8.47	6.91	0.46
160000	37.0	4.0	1.21e+03	0.00	0.00	3.45	8.73	0.52
160000	37.0	4.5	1.21e+03	0.00	0.00	2.14	14.21	0.69
160000	37.1	3.5	1.52e+03	0.00	0.00	9.05	7.84	0.53
160000	37.1	4.0	1.52e+03	0.00	0.00	3.53	9.32	0.55
160000	37.1	4.5	1.52e+03	0.00	0.00	2.17	14.88	0.72
160000	37.2	3.5	1.92e+03	0.00	0.00	9.62	8.85	0.60
160000	37.2	4.0	1.92e+03	0.00	0.00	3.60	9.92	0.58
160000	37.2	4.5	1.92e+03	0.00	0.00	2.19	15.46	0.74
160000	37.3	3.5	2.41e+03	0.00	0.00	10.15	9.92	0.67
160000	37.3	4.0	2.41e+03	0.00	0.00	3.64	10.47	0.61
160000	37.3	4.5	2.41e+03	0.00	0.00	2.19	15.94	0.76
160000	37.4	3.5	3.04e+03	0.00	0.00	10.67	11.08	0.75
160000	37.4	4.0	3.04e+03	0.00	0.00	3.66	11.03	0.64
160000	37.4	4.5	3.04e+03	0.00	0.00	2.18	16.28	0.77
160000	37.5	3.5	3.83e+03	0.00	0.00	11.14	12.33	0.84
160000	37.5	4.0	3.83e+03	0.00	0.00	3.63	11.55	0.66
160000	37.5	4.5	3.83e+03	0.00	0.00	2.14	16.47	0.77
160000	37.6	3.5	4.82e+03	0.00	0.00	11.53	13.66	0.93
160000	37.6	4.0	4.82e+03	0.00	0.00	3.55	12.02	0.69
160000	37.6	4.5	4.82e+03	0.00	0.00	2.07	16.44	0.76
180000	36.6	3.5	3.46e+02	0.00	0.00	6.67	5.13	0.35
180000	36.6	4.0	3.46e+02	0.00	0.00	3.22	7.54	0.45
180000	36.6	4.5	3.46e+02	0.00	0.00	2.07	12.52	0.62
180000	36.7	3.5	4.35e+02	0.00	0.00	7.31	5.90	0.41
180000	36.7	4.0	4.35e+02	0.00	0.00	3.35	8.18	0.49
180000	36.7	4.5	4.35e+02	0.00	0.00	2.12	13.34	0.65
180000	36.8	3.5	5.48e+02	0.00	0.00	7.99	6.79	0.47
180000	36.8	4.0	5.48e+02	0.00	0.00	3.47	8.86	0.53
180000	36.8	4.5	5.48e+02	0.00	0.00	2.16	14.19	0.69
180000	36.9	3.5	6.90e+02	0.00	0.00	8.66	7.79	0.54
180000	36.9	4.0	6.90e+02	0.00	0.00	3.59	9.61	0.57
180000	36.9	4.5	6.90e+02	0.00	0.00	2.21	15.03	0.73
180000	37.0	3.5	8.68e+02	0.00	0.00	9.37	8.93	0.62
180000	37.0	4.0	8.69e+02	0.00	0.00	3.71	10.36	0.62
180000	37.0	4.5	8.69e+02	0.00	0.00	2.25	15.90	0.76
180000	37.1	3.5	1.09e+03	0.00	0.00	10.07	10.19	0.71
180000	37.1	4.0	1.09e+03	0.00	0.00	3.81	11.18	0.66
180000	37.1	4.5	1.09e+03	0.00	0.00	2.29	16.75	0.80
180000	37.2	3.5	1.38e+03	0.00	0.00	10.77	11.60	0.81
180000	37.2	4.0	1.38e+03	0.00	0.00	3.91	12.03	0.71
180000	37.2	4.5	1.38e+03	0.00	0.00	2.31	17.52	0.83
180000	37.3	3.5	1.73e+03	0.00	0.00	11.49	13.19	0.92
180000	37.3	4.0	1.73e+03	0.00	0.00	3.97	12.88	0.76
180000	37.3	4.5	1.73e+03	0.00	0.00	2.32	18.24	0.86
180000	37.4	3.5	2.18e+03	0.00	0.00	12.16	14.89	1.04
180000	37.4	4.0	2.18e+03	0.00	0.00	4.01	13.80	0.81
180000	37.4	4.5	2.18e+03	0.00	0.00	2.32	18.90	0.88
180000	37.5	3.5	2.75e+03	0.00	0.00	12.80	16.80	1.18
180000	37.5	4.0	2.75e+03	0.00	0.00	4.00	14.74	0.86
180000	37.5	4.5	2.75e+03	0.00	0.00	2.29	19.38	0.90
180000	37.6	3.5	3.46e+03	0.00	0.00	13.35	18.86	1.33
180000	37.6	4.0	3.46e+03	0.00	0.00	3.92	15.63	0.92
180000	37.6	4.5	3.46e+03	0.00	0.00	2.23	19.70	0.91
