0000	6.000000000000000000e+04 1.026044683521766501e+03 3.500000000000000000e+00	4.90E+03	786482020896408109404345335808 169972781366132020603336523776	6048334322301280971943363689316352	3695380301524880964051299093970944 211644154773675232662807344316416
0001	6.000000000000000000e+04 1.026044683521766501e+03 4.000000000000000000e+00	4.90E+03	100265415810416809491489095680 14876165667887122173994729472	2526845651026344265960630385639424	5356427985226560183215440141484032 333232235189984106014176450707456
0002	6.000000000000000000e+04 1.026044683521766501e+03 4.500000000000000000e+00	4.90E+03	49663971115786406673755668480 6419197075884160995576250368	1653583779227056135414625716928512	8317439031591921327174271608291328 500099541877872117100128128466944
0003	6.000000000000000000e+04 1.291710751444522657e+03 3.500000000000000000e+00	6.17E+03	609304000014408093746858033152 126146863417736824329248702464	6336125254447840973831745013022720	4225389287535440636890692055990272 243895638162984058797194439819264
0004	6.000000000000000000e+04 1.291710751444522657e+03 4.000000000000000000e+00	6.17E+03	78615607314491206877069705216 11479042510712802821753798656	2579089992002368618828596160495616	5684169944528959851852513134247936 355178387008600020120333811974144
0005	6.000000000000000000e+04 1.291710751444522657e+03 4.500000000000000000e+00	6.17E+03	39134363569293606389532327936 5007364856491440190231937024	1679055549385248347693443180396544	8656873245099361325448233241018368 522260998633256087919360783417344
0006	6.000000000000000000e+04 1.626174978476519755e+03 3.500000000000000000e+00	7.77E+03	475761112984056039346551128064 94675860424212026309786730496	6605405942725041300127384019664896	4763741339845761102238668908658688 276612120408784788240888672288768
0007	6.000000000000000000e+04 1.626174978476519755e+03 4.000000000000000000e+00	7.77E+03	61829597147081606169918177280 8897057863449442728502362112	2622922488712720455306476869648384	5942625579040880377178903036297216 371882461686184060625319385628672
0008	6.000000000000000000e+04 1.626174978476519755e+03 4.500000000000000000e+00	7.77E+03	31002714756054406426959806464 3931498048847120375622926336	1700672763106024307260213468069888	8920681599567041615409625606127616 537807809275712021749950257823744
0009	6.000000000000000000e+04 2.047228290505137920e+03 3.500000000000000000e+00	9.78E+03	373868051658599991797851619328 71728241614990414990643560448	6842241373169840850288205998587904	5281489905845921172482396444950528 308038567241784057061740455657472
0010	6.000000000000000000e+04 2.047228290505137920e+03 4.000000000000000000e+00	9.78E+03	48959445517140012503645814784 6950611524676400595983138816	2661351429579464267561988264034304	6125036706024881972627625956343808 382345683543840048510671381331968
0011	6.000000000000000000e+04 2.047228290505137920e+03 4.500000000000000000e+00	9.78E+03	24757406320073846760849539072 3114834462300720416904183808	1719574742346448152092040090353664	9125281096423521153139684021370880 547167593332432025225566034591744
0012	6.000000000000000000e+04 2.577319587628865520e+03 3.500000000000000000e+00	1.23E+04	296065220480408044539173928960 54919205780732001261220528128	7051475906859520828300811019747328	5759676189714960441387342830239744 337003061929768024421564625715200
0013	6.000000000000000000e+04 2.577319587628865520e+03 4.000000000000000000e+00	1.23E+04	39167556413712010882525954048 5489468494071121355315609600	2692753056537808546618344820703232	6231911684359440893004075073798144 386272008293512103954294874570752
0014	6.000000000000000000e+04 2.577319587628865520e+03 4.500000000000000000e+00	1.23E+04	19928565140319203753027698688 2489292881638392568645419008	1734792614891064275498430567022592	9281676210214721876538780769320960 551186618818768075063321652363264
0015	6.000000000000000000e+04 3.244638181035417347e+03 3.500000000000000000e+00	1.55E+04	237152706191898449209670500352 42635162034214406418704891904	7251320753029040806970583257448448	6191392491398240800375102012129280 363177563478800031493590689513472
0016	6.000000000000000000e+04 3.244638181035417347e+03 4.000000000000000000e+00	1.55E+04	31712323943485605128523743232 4386778279721120325835948032	2713583809170112305029653469331456	6265343756485361316584271208513536 383775069096272052724907607326720
0017	6.000000000000000000e+04 3.244638181035417347e+03 4.500000000000000000e+00	1.55E+04	16149933596577361788007350272 2003271890348072338827771904	1742890472790616222793187740090368	9387983022743922676877957707857920 550032345129984119296594733432832
0018	6.000000000000000000e+04 4.084748052692324109e+03 3.500000000000000000e+00	1.95E+04	191563381004446429942625861632 33433567299092003989915435008	7403828416573041347055528756379648	6524726398363920777045665824899072 383538831735096092579652658266112
0019	6.000000000000000000e+04 4.084748052692324109e+03 4.000000000000000000e+00	1.95E+04	26124682378940966784978649088 3563206993120080528628776960	2728113902055608595547646830051328	6251408742522321368963701104705536 376756726226904035500037817499648
0020	6.000000000000000000e+04 4.084748052692324109e+03 4.500000000000000000e+00	1.95E+04	13248400538994162997550645248 1631873864769616298406576128	1752390803125504329342633312780288	9497369892007440385409506932162560 546928365624912058287829981069312
0021	6.000000000000000000e+04 5.142416805961092905e+03 3.500000000000000000e+00	2.46E+04	157016208726848833465228460032 26618418463798804167734067200	7526851265165202359184803762274304	6764013912810801861815727338553344 398311142674456068597487025258496
0022	6.000000000000000000e+04 5.142416805961092905e+03 4.000000000000000000e+00	2.46E+04	21929645106797122559047368704 2943604240296936772837834752	2733592216557816357236479528796160	6199586040380801541490006831398912 366251639520432096635138435186688
0023	6.000000000000000000e+04 5.142416805961092905e+03 4.500000000000000000e+00	2.46E+04	10958273694905200797212999680 1339926351204896229986140160	1752902152350328482050585644761088	9560316682548642422482817666514944 539051793354816109233516272680960
0024	6.000000000000000000e+04 6.473904288329098563e+03 3.500000000000000000e+00	3.09E+04	131378175311930410527654674432 21610993800380486925210877952	7633935567743842043265306343768064	6925612229240561145534642871336960 408550088556312051449914451820544
0025	6.000000000000000000e+04 6.473904288329098563e+03 4.000000000000000000e+00	3.09E+04	18780900116955445533863837696 2475199379319120414814240768	2720105754546376563796946639126528	6098273106246079690688099820503040 352170098586536032355776326533120
0026	6.000000000000000000e+04 6.473904288329098563e+03 4.500000000000000000e+00	3.09E+04	9147708694003520794766868480 1109929842848824093761863680	1740946747667016131136112115580928	9559628902889520571981787488583680 525795588011864046181494009364480
0027	6.000000000000000000e+04 8.150200155073142014e+03 3.500000000000000000e+00	3.89E+04	112101206639968814819537059840 17847284084895201781602058240	7684592034811200086362498332098560	6989755158319362440835881569878016 413005704608872012126000752099328
0028	6.000000000000000000e+04 8.150200155073142014e+03 4.000000000000000000e+00	3.89E+04	16439339315749682889235628032 2121695586263160173285605376	2684206646686656445142550433497088	5956411075686721426327298675572736 335708241962816037638601948790784
0029	6.000000000000000000e+04 8.150200155073142014e+03 4.500000000000000000e+00	3.89E+04	7763028819414320934813696000 933930018426360096540852224	1725355081829400167475900112175104	9559539192499201232898482809864192 511253533740992088781546420436992
0030	6.000000000000000000e+04 1.026044683521766638e+04 3.500000000000000000e+00	4.90E+04	98214337253067229656122392576 15076698293715763116097142784	7704866583023520598984954612809728	7005813318186641734740888959057920 414530781244312089584444245016576
0031	6.000000000000000000e+04 1.026044683521766638e+04 4.000000000000000000e+00	4.90E+04	14775181671850240791564779520 1863805127210256156520873984	2624280105952896368558760626487296	5777528557388641504938003682820096 317395360952160089773672146927616
0032	6.000000000000000000e+04 1.026044683521766638e+04 4.500000000000000000e+00	4.90E+04	6673256901270401466744438784 795626500016360250683686912	1690529508307176325594399270502400	9464745213394402084029585153851392 490440723186752154952342284795904
0033	8.000000000000000000e+04 1.026044683521766501e+03 3.500000000000000000e+00	2.58E+03	1304753897506768146730867228672 306337060172048087472194715648	5536446835135360956365297919459328	2896658793042480237875043911073792 166543452178832810447707251408896
0034	8.000000000000000000e+04 1.026044683521766501e+03 4.000000000000000000e+00	2.58E+03	164438547387291215589646794752 25074711970635684946458443776	2425622427281944348315413418868736	4626364828802400344462973781147648 279098593393820815696592073916416
0035	8.000000000000000000e+04 1.026044683521766501e+03 4.500000000000000000e+00	2.58E+03	82137637238454407204706451456 10769253902500961968199827456	1592075345277320068488033546010624	7552269209089201872738209042006016 444236881825608120183716468228096
0036	8.000000000000000000e+04 1.291710751444522657e+03 3.500000000000000000e+00	3.24E+03	1006036239819232219889370398720 224673691863752058564092362752	5876927669863201314395013051842560	3369103611931040300274325011824640 195166449314332016357001920512000
0037	8.000000000000000000e+04 1.291710751444522657e+03 4.000000000000000000e+00	3.24E+03	128783750823876004532776337408 19277207899669123708491923456	2483162671633192192646052596154368	4991067468916640381357413925650432 301612312948528051682639647604736
0038	8.000000000000000000e+04 1.291710751444522657e+03 4.500000000000000000e+00	3.24E+03	64723953373439220035843260416 8398118575953041212152217600	1612376806606736209897255539310592	7925434529356962397379724952207360 467382162528168091943817315352576
0039	8.000000000000000000e+04 1.626174978476519755e+03 3.500000000000000000e+00	4.08E+03	779356025558656144887731191808 166214813115627224949780905984	6202755807505441247530197616427008	3876266351873440536486539497046016 225901827107232857467982874411008
0040	8.000000000000000000e+04 1.626174978476519755e+03 4.000000000000000000e+00	4.08E+03	101165510059960822764132106240 14876315185204321401792626688	2532237245484576263013075282558976	5321052187977041397360425292529664 321522038906880059881574354649088
0041	8.000000000000000000e+04 1.626174978476519755e+03 4.500000000000000000e+00	4.08E+03	51161835599496002518856499200 6572272905233520084314488832	1632166918711328198598525200629760	8260114092177440530750391193698304 487626807277048032238304285949952
0042	8.000000000000000000e+04 2.047228290505137920e+03 3.500000000000000000e+00	5.14E+03	607548666710480117015917887488 124062592015968822408702328832	6486689192868239692877357977174016	4390187274553280559265737873555456 256954779681866405689644493570048
0043	8.000000000000000000e+04 2.047228290505137920e+03 4.000000000000000000e+00	5.14E+03	79860488497498416262454181888 11541510845838960373501263872	2574323379930032744368009413394432	5604746345632320452230601903177728 337843349252432059611309993361408
0044	8.000000000000000000e+04 2.047228290505137920e+03 4.500000000000000000e+00	5.14E+03	40523678480716004301452869632 5156433621739841062386532352	1648458325593440310547434889543680	8532145899091120188599618664136704 502910467441232088906496946995200
0045	8.000000000000000000e+04 2.577319587628865520e+03 3.500000000000000000e+00	6.47E+03	479585765958032095218247925760 93941730396760017909925806080	6754384997583121319074406198149120	4914125857485520566656920211947520 288421895225144066007607644520448
0046	8.000000000000000000e+04 2.577319587628865520e+03 4.000000000000000000e+00	6.47E+03	63656997797900006523630780416 9043495123915121358446526464	2612468237894096343683380111474688	5835660890316000964797644633276416 349951261599288036366379470815232
0047	8.000000000000000000e+04 2.577319587628865520e+03 4.500000000000000000e+00	6.47E+03	32261052497609607886806188032 4067977455987279966643421184	1662360445746696327565900920127488	8741799081268960541098826006528000 512407807429776116605867377295360
0048	8.000000000000000000e+04 3.244638181035417347e+03 3.500000000000000000e+00	8.15E+03	382934781773608031045961121792 72049105777701611510419161088	6989515930611840744515888606085120	5421109176647279818859516126035968 318705132650832038461446308233216
0049	8.000000000000000000e+04 3.244638181035417347e+03 4.000000000000000000e+00	8.15E+03	51208485002462407882405052416 7150426467382480626706808832	2633741561785312530921139917029376	5974951223019520881614475885543424 355223242203759977892362303045632
0050	8.000000000000000000e+04 3.244638181035417347e+03 4.500000000000000000e+00	8.15E+03	25830701429862322485050998784 3229304920349040646278873088	1668320206010288174037874906234880	8864642509080480569218482441289728 514360503592408084525198239334400
0051	8.000000000000000000e+04 4.084748052692324109e+03 3.500000000000000000e+00	1.03E+04	309868659204312038378896883712 56030717516796795763438911488	7189779425269521097672263165018112	5893075540120801100304829726588928 346829340016152006660322129608704
0052	8.000000000000000000e+04 4.084748052692324109e+03 4.000000000000000000e+00	1.03E+04	41890565794558408092526051328 5744963685702480350706401280	2646970854011168028437673974693888	6041336911856320641977891441082368 354574337047112089191031469244416
0053	8.000000000000000000e+04 4.084748052692324109e+03 4.500000000000000000e+00	1.03E+04	20925038252530325688139382784 2594239086581072179417317376	1671534828330088126080470334046208	8941195375486880365587561030090752 511211668892176065744404995899392
0054	8.000000000000000000e+04 5.142416805961092905e+03 3.500000000000000000e+00	1.29E+04	254779003681972037818771308544 44271479553651208484286365696	7350570348186401717955418161938432	6310707310523841460278339733291008 371843587183712044380659065552896
0055	8.000000000000000000e+04 5.142416805961092905e+03 4.000000000000000000e+00	1.29E+04	34916181016447203832840060928 4696637967886400463323529216	2641851381070240505385821507944448	6022198695254720981115997945593856 347400496167856079045114437042176
0056	8.000000000000000000e+04 5.142416805961092905e+03 4.500000000000000000e+00	1.29E+04	17078675364096881686950707200 2099468341888208410733707264	1663137935796136075998355018219520	8941314989340640637286805208563712 501214941064184128679788765249536
0057	8.000000000000000000e+04 6.473904288329098563e+03 3.500000000000000000e+00	1.63E+04	213528372005029605643942625280 35624295030706405858378514432	7467253662529281012161302384082944	6657437969110640738383627150163968 392988326182136011599325417177088
0058	8.000000000000000000e+04 6.473904288329098563e+03 4.000000000000000000e+00	1.63E+04	29763246099929840753794088960 3918848883812000392930131968	2615102733023160419136522032250880	5929976414005761332712574789091328 334796186327896055602092187844608
0059	8.000000000000000000e+04 6.473904288329098563e+03 4.500000000000000000e+00	1.63E+04	14131360103987040970656972800 1721575284050584148769767424	1646323218303824360632320882900992	8886980396270162021658010828406784 486382823197944016812332309020672
0060	8.000000000000000000e+04 8.150200155073142014e+03 3.500000000000000000e+00	2.05E+04	183473597040023229267743604736 29340889582303285916880338944	7547873399963520822932646186188800	6937035352274639999157103654600704 410697157231304028534952876310528
0061	8.000000000000000000e+04 8.150200155073142014e+03 4.000000000000000000e+00	2.05E+04	26129556643481686240250560512 3359953152118400666367426560	2570690109122072417838811664351232	5797414360576240269846787928358912 319368989539200069211573721235456
0062	8.000000000000000000e+04 8.150200155073142014e+03 4.500000000000000000e+00	2.05E+04	11844851578974320753847042048 1429029701217064145500766208	1614846832686880055879124790542336	8753431528547121311346844860678144 465573002990048017718015239913472
0063	8.000000000000000000e+04 1.026044683521766638e+04 3.500000000000000000e+00	2.58E+04	161530734602385609649259806720 24702623175051766461504684032	7547933206890401535243020578848768	7118668989209200405021491717996544 423355293305456030127446929965056
0064	8.000000000000000000e+04 1.026044683521766638e+04 4.000000000000000000e+00	2.58E+04	23538361729478803796820754432 2950242809180616132120281088	2486392245684712322766241622130688	5596313568942241473560217940656128 300299550903512060173587362873344
0065	8.000000000000000000e+04 1.026044683521766638e+04 4.500000000000000000e+00	2.58E+04	10099535935298720872668332032 1205534205812848045999521792	1569175272974968221365819037188096	8553616585841041112371507515883520 440089271446480066499649510309888
0066	1.000000000000000000e+05 1.026044683521766501e+03 3.500000000000000000e+00	1.56E+03	1834741951092920121051863580672 454906437581000152285999792128	5143605035924080701136794317488128	2471814307257712211798926741733376 144279127509215229345666120548352
0067	1.000000000000000000e+05 1.026044683521766501e+03 4.000000000000000000e+00	1.56E+03	231015020320838464578923790336 35907480829483207857084039168	2355337326812568377467922196463616	4114208210465520582252737064861696 246289410411356019801171678986240
0068	1.000000000000000000e+05 1.026044683521766501e+03 4.500000000000000000e+00	1.56E+03	116795153296145614339091464192 15437812518217203744908509184	1569878004365808232331809751302144	7049861119833761195586280734326784 409973493416056042079188468891648
0069	1.000000000000000000e+05 1.291710751444522657e+03 3.500000000000000000e+00	1.97E+03	1407221105330272043773259153408 331557641237344049782597877760	5507141440964160106576236783861760	2892849091800224519395777529774080 169962315153928015688476097773568
0070	1.000000000000000000e+05 1.291710751444522657e+03 4.000000000000000000e+00	1.97E+03	179796368140806438837517549568 27413342232424324694257172480	2411217928942896343081626445545472	4463989022323201024081227998560256 266851629941968847350324409663488
0071	1.000000000000000000e+05 1.291710751444522657e+03 4.500000000000000000e+00	1.97E+03	92198059443573598539407687680 12067393153894803256618516480	1583687423782400182898549619425280	7403439671548321905184865934901248 430606883189656072762684602318848
0072	1.000000000000000000e+05 1.626174978476519755e+03 3.500000000000000000e+00	2.47E+03	1084496947193104252711632633856 243117251009640795664591880192	5847502661838240192906707737772032	3350413947281040793593468730474496 197944481067908057561266665816064
0073	1.000000000000000000e+05 1.626174978476519755e+03 4.000000000000000000e+00	2.47E+03	140809129611637615870976458752 21068515070115441795596812288	2464894645817696058437963209506816	4809134797347681025627172326342656 286669851302194456666360030167040
0074	1.000000000000000000e+05 1.626174978476519755e+03 4.500000000000000000e+00	2.47E+03	72976113144341608931985981440 9460469018122482004403421184	1597078194710832335439439469740032	7734142073731281669079580855500800 449658379747280041045784333910016
0075	1.000000000000000000e+05 2.047228290505137920e+03 3.500000000000000000e+00	3.11E+03	838798130184688167050595532800 179490156675180837010680053760	6158438874687361463591882591305728	3833474495690800469718697775202304 227437070920242442728711661813760
0076	1.000000000000000000e+05 2.047228290505137920e+03 4.000000000000000000e+00	3.11E+03	110833299790112801207974100992 16275049687610323441538826240	2511825141340432014397240500027392	5129699925424480533210659106586624 304351470199632040613447053869056
0077	1.000000000000000000e+05 2.047228290505137920e+03 4.500000000000000000e+00	3.11E+03	57780967231940007545343574016 7420155707611280655345778688	1607840451202888137881773456490496	8024953255685280172692969286008832 465925863858640026597251149201408
0078	1.000000000000000000e+05 2.577319587628865520e+03 3.500000000000000000e+00	3.92E+03	658441371139016137308047933440 134731848736726418337742979072	6458191192209920965288571197980672	4344375168563200837851384438063104 258401210208459227003744803618816
0079	1.000000000000000000e+05 2.577319587628865520e+03 4.000000000000000000e+00	3.92E+03	87851890067204014872924782592 12658285591469201559163764736	2547583702921984246150589023518720	5406486383025120326580925057990656 318630373992232084822200810471424
0080	1.000000000000000000e+05 2.577319587628865520e+03 4.500000000000000000e+00	3.92E+03	45791771634940802848281067520 5824566705379761107362643968	1615127925243216117911596306530304	8264808935937521683343312192274432 478359723956992095214414671642624
0081	1.000000000000000000e+05 3.244638181035417347e+03 3.500000000000000000e+00	4.94E+03	522488264955400075537918459904 102306327190196806652226699264	6711294106766080573058454030123008	4850012831870160780432373316583424 288793894310337639095369180643328
0082	1.000000000000000000e+05 3.244638181035417347e+03 4.000000000000000000e+00	4.94E+03	70335637322589603280843702272 9938176846576479923754500096	2569948503228760462685754668089344	5620774602036159966441174399451136 328232376102816062028033745223680
0083	1.000000000000000000e+05 3.244638181035417347e+03 4.500000000000000000e+00	4.94E+03	36392515006480005321927426048 4584499979986400172272779264	1618988462373320095978229539536896	8445515565505440848229686327640064 485686072499792091488897841758208
0084	1.000000000000000000e+05 4.084748052692324109e+03 3.500000000000000000e+00	6.21E+03	422150183728824089492930428928 79095258868068818947049259008	6945139190866881401188703795150848	5357953061862000476846665748185088 319081916290176065651734034251776
0085	1.000000000000000000e+05 4.084748052692324109e+03 4.000000000000000000e+00	6.21E+03	57248386548073604952117739520 7924657039307521813177696256	2587785919170720483467693467369472	5782522435783120454475273610461184 333614999522016038703035328757760
0086	1.000000000000000000e+05 4.084748052692324109e+03 4.500000000000000000e+00	6.21E+03	29122893333825685887639355392 3633719359911600736270548992	1619565599217712398120766169677824	8561301775945120986995000728354816 487010795930184074139077525372928
0087	1.000000000000000000e+05 5.142416805961092905e+03 3.500000000000000000e+00	7.82E+03	347301814738504047985072013312 62206978855694409864461680640	7141186297179521688549134069399552	5844901060518960912746798345355264 348001555783000003181935675310080
0088	1.000000000000000000e+05 5.142416805961092905e+03 4.000000000000000000e+00	7.82E+03	47334192279176006071666868224 6409657871046800564144832512	2582364421249048706720813677543424	5844751543201760861353119273975808 331979280071848070210761160392704
0089	1.000000000000000000e+05 5.142416805961092905e+03 4.500000000000000000e+00	7.82E+03	23497842536517606355404587008 2903683116604536242613256192	1611049092830000364569782827089920	8586031940210002108811889650696192 480530715402736126639301931827200
0090	1.000000000000000000e+05 6.473904288329098563e+03 3.500000000000000000e+00	9.85E+03	291525276660947258892011700224 49839803480813604561664081920	7288759889255920532642670212808704	6292944653240480888732488166277120 374732261752016048676348524232704
0091	1.000000000000000000e+05 6.473904288329098563e+03 4.000000000000000000e+00	9.85E+03	40187862586284805837050347520 5314772460654640237499121664	2560992415928480151215989348892672	5830517494604320810945191027408896 324853284734096024629353723723776
0092	1.000000000000000000e+05 6.473904288329098563e+03 4.500000000000000000e+00	9.85E+03	19162378600059525222451118080 2344446485427720330535763968	1590705766651768128065825371324416	8518539823225921276382346202841088 466371425463896101928213220950016
0093	1.000000000000000000e+05 8.150200155073142014e+03 3.500000000000000000e+00	1.24E+04	250253413524962448408951390208 40748253491150405538173419520	7378619796893120291363167726993408	6687969405282880626095051142856704 398840433977344045887543870226432
0094	1.000000000000000000e+05 8.150200155073142014e+03 4.000000000000000000e+00	1.24E+04	34985258016993603317235974144 4509801128313280145813143552	2507019654765624195749587470778368	5719725162559120774638651161182208 311537272464264041900491484954624
0095	1.000000000000000000e+05 8.150200155073142014e+03 4.500000000000000000e+00	1.24E+04	15885407558987123693939851264 1923070801401992471956684800	1560413558187048207292137432154112	8384542403551281564811647627821056 446422825003072113513415212793856
0096	1.000000000000000000e+05 1.026044683521766638e+04 3.500000000000000000e+00	1.56E+04	220623865810072857321041559552 34140186140179209339428405248	7401256718717201846590054256869376	7020555725662560345797219598729216 420086844751464027877785659768832
0097	1.000000000000000000e+05 1.026044683521766638e+04 4.000000000000000000e+00	1.56E+04	31501504526233603217953914880 3951802500522880184084332544	2425739050789360180876612265312256	5554179588955280595295209986719744 294931879216032045403397263720448
0098	1.000000000000000000e+05 1.026044683521766638e+04 4.500000000000000000e+00	1.56E+04	13384820139207439488965935104 1601913584749080363963252736	1511159563555024305837000781463552	8145404406421601684356769792393216 419422987863096105214049303658496
0099	1.200000000000000000e+05 1.026044683521766501e+03 3.500000000000000000e+00	1.07E+03	2104007687638400476435491848192 534318075092264058977492402176	4998961983264801019684960602161152	2291980858822240436243649743814656 135734212831235203323706323501056
0100	1.200000000000000000e+05 1.026044683521766501e+03 4.000000000000000000e+00	1.07E+03	266296023591253653408400277504 41780521049099204687227256832	2380940672209896312155155952828416	3917054676005599799286931201720320 235262807302490420426034670206976
0101	1.200000000000000000e+05 1.026044683521766501e+03 4.500000000000000000e+00	1.07E+03	137845397350099217259199201280 18266261511153044834385657856	1612233269982224172088538676854784	7195072338298401302918395842265088 408986679122536106403433210183680
0102	1.200000000000000000e+05 1.291710751444522657e+03 3.500000000000000000e+00	1.35E+03	1608271061076424442710908207104 388245636880552116606243700736	5365099989624160858205817067798528	2685351949336408308474240001114112 160050513162105630137383206780928
0103	1.200000000000000000e+05 1.291710751444522657e+03 4.000000000000000000e+00	1.35E+03	205915249247840006094802911232 31683616618583203857746100224	2427072745258784328019423338168320	4236094727446960166160696982110208 253780527037710437259152919101440
0104	1.200000000000000000e+05 1.291710751444522657e+03 4.500000000000000000e+00	1.35E+03	108755308115667219631497543680 14278515047575282711003136000	1626691594555464299586985530490880	7519524916622400993816033871527936 426991554459760003161155593830400
0105	1.200000000000000000e+05 1.626174978476519755e+03 3.500000000000000000e+00	1.70E+03	1235102750462320144338191908864 283576936078595213809195941888	5700706559811281385476001844166656	3111425467468559811610765359579136 186488763258678420213813659828224
0106	1.200000000000000000e+05 1.626174978476519755e+03 4.000000000000000000e+00	1.70E+03	160177303847091233117020618752 24179551792559285773564641280	2468976468577256539148198172688384	4554656323473281175619742958878720 271778823612977612748289122238464
0107	1.200000000000000000e+05 1.626174978476519755e+03 4.500000000000000000e+00	1.70E+03	85855534847949616294379126784 11170947126890481488765124608	1636084272421968449837487494266880	7801394963007840805189131339563008 442798525234144023534442890919936
0108	1.200000000000000000e+05 2.047228290505137920e+03 3.500000000000000000e+00	2.14E+03	955134564351664140376250253312 209175922901337619225575948288	6023693868426721495052788659388416	3574689923081040638371267140911104 215161998212756817738881019412480
0109	1.200000000000000000e+05 2.047228290505137920e+03 4.000000000000000000e+00	2.14E+03	125573314988957613417073475584 18598429183044564988138094592	2506732581516600408362529897578496	4864366494321360526078793438199808 288543303286710460757723737751552
0110	1.200000000000000000e+05 2.047228290505137920e+03 4.500000000000000000e+00	2.14E+03	67775003748222407486243602432 8739406804193761540576378880	1639424489288216110703537006051328	8036795027207521706645041604198400 456027817460000097511729252007936
0111	1.200000000000000000e+05 2.577319587628865520e+03 3.500000000000000000e+00	2.70E+03	746659578633360195426285780992 156285966149644040172484952064	6322728502826721672397021408919552	4061488404420800446416968363278336 245068751033735242945033509273600
0112	1.200000000000000000e+05 2.577319587628865520e+03 4.000000000000000000e+00	2.70E+03	99441874427279223063834525696 14445346470107044424426979328	2541067738238408289198634214359040	5155715938617280828799532975259648 303349704174392034946489253888000
0113	1.200000000000000000e+05 2.577319587628865520e+03 4.500000000000000000e+00	2.70E+03	53633655887446399604668497920 6852438454202880309218770944	1642005158183088063892019046514688	8250245949242241750453590910042112 467675216469880109088619211259904
0114	1.200000000000000000e+05 3.244638181035417347e+03 3.500000000000000000e+00	3.39E+03	591616101389648141810046861312 118451506136087209686614409216	6579240412215041529605583383035904	4552174336007761014237573138087936 274904333611726428988045577420800
0115	1.200000000000000000e+05 3.244638181035417347e+03 4.000000000000000000e+00	3.39E+03	79414029788339217481561276416 11306768657834961068988825600	2556465031563664243693138655313920	5388275173790160753775540883685376 313759099797856044682369445134336
0116	1.200000000000000000e+05 3.244638181035417347e+03 4.500000000000000000e+00	3.39E+03	42425837790134405582207057920 5368718308700400023324590080	1636006523417023985002602626547712	8398268093270240748728164267589632 474789250422256055442508192153600
0117	1.200000000000000000e+05 4.084748052692324109e+03 3.500000000000000000e+00	4.27E+03	476747927277576079730997723136 91254605172041615691327995904	6815148835293200991709896040775680	5052519086285840751572429339361280 305003365702624044193650049024000
0118	1.200000000000000000e+05 4.084748052692324109e+03 4.000000000000000000e+00	4.27E+03	64645606299226411253373075456 9010362086423601614325547008	2571838402118168432078170412285952	5588179826886560291834182907199488 321163197345600037417376236437504
0119	1.200000000000000000e+05 4.084748052692324109e+03 4.500000000000000000e+00	4.27E+03	33687447703697607806651727872 4220604733385040272476340224	1625259218656688360637862237962240	8492643423886880676031964209217536 477244324770680011577159996932096
0120	1.200000000000000000e+05 5.142416805961092905e+03 3.500000000000000000e+00	5.38E+03	391421384697880110950973964288 71532074894824016569104859136	7013348990973520405049198493302784	5543205017872800742932281810747392 334278856410384033424365722796032
0121	1.200000000000000000e+05 5.142416805961092905e+03 4.000000000000000000e+00	5.38E+03	53510752652708009832192409600 7289776607012880014951579648	2565660346571464233870263876321280	5705969569376720658106195021660160 322804897488456019494612613726208
0122	1.200000000000000000e+05 5.142416805961092905e+03 4.500000000000000000e+00	5.38E+03	26914163717220402874114113536 3337376037221200170896588800	1606464891884648183874603072880640	8504335678091921005668852849180672 472722921098552117639271512276992
0123	1.200000000000000000e+05 6.473904288329098563e+03 3.500000000000000000e+00	6.77E+03	328923146108280039631650553856 57265431522234413678101266432	7184905160728800113991228202156032	6027371994429842067584391051214848 363114766205576032966675571671040
0124	1.200000000000000000e+05 6.473904288329098563e+03 4.000000000000000000e+00	6.77E+03	45366843419458407219494649856 6029794174968481551770189824	2544482713763256263991899413544960	5751004185317360919318470510772224 319258346724472034062554969931776
0125	1.200000000000000000e+05 6.473904288329098563e+03 4.500000000000000000e+00	6.77E+03	21790683712191441602881781760 2673393554306752503900798976	1583038518625752294197218785624064	8449432919216081964159777076412416 461440344342640070053947842232320
0126	1.200000000000000000e+05 8.150200155073142014e+03 3.500000000000000000e+00	8.52E+03	282563208667979277236755759104 46748981499655211410790547456	7288670178865601193559365534089216	6468507887096721052687913302622208 389683993472015999897484931366912
0127	1.200000000000000000e+05 8.150200155073142014e+03 4.000000000000000000e+00	8.53E+03	39429211718812009729124990976 5103654008768240970845126656	2490189985541592302305959737294848	5690987934193280350729871418195968 309127053311000043537868171247616
0128	1.200000000000000000e+05 8.150200155073142014e+03 4.500000000000000000e+00	8.53E+03	17917826355150161614901084160 2174238961873584143502147584	1548703361903944125130738317131776	8301769616749361475139927040589824 442230359428784102057319763804160
0129	1.200000000000000000e+05 1.026044683521766638e+04 3.500000000000000000e+00	1.07E+04	249050995260040013232216211456 39049736767758408049317904384	7322879741040961653802391918608384	6865386653872402119084999528415232 414315476307544032871368951332864
0130	1.200000000000000000e+05 1.026044683521766638e+04 4.000000000000000000e+00	1.07E+04	35424838929561606833100029952 4458247557342720649137750016	2410730502488823956483146797547520	5564974739257120616570024198406144 295065547697608839179648270073856
0131	1.200000000000000000e+05 1.026044683521766638e+04 4.500000000000000000e+00	1.07E+04	15017220304933601115423899648 1801055699527760296183595008	1499900909569864240533931909185536	8058923590153120089537507313582080 415708977703848099691019999641600
0132	1.400000000000000000e+05 1.026044683521766501e+03 3.500000000000000000e+00	7.15E+02	2329153854224504487378241454080 604988930240016037423267971072	5229816721021600243480876636176384	2436399635505720328835341003784192 149384246787692002579489339998208
0133	1.400000000000000000e+05 1.026044683521766501e+03 4.000000000000000000e+00	7.15E+02	301118905801768050912189743104 47557870185707211941600034816	2591278643700512634865467382562816	4515811724464720275094169968443392 270875739017089651089222674677760
0134	1.400000000000000000e+05 1.026044683521766501e+03 4.500000000000000000e+00	7.15E+02	169137278597618443175292043264 22225868815633764072036499456	1742334268370632112313206917038080	8617071735260721710093220643340288 461183174557056134418919199866880
0135	1.400000000000000000e+05 1.291710751444522657e+03 3.500000000000000000e+00	9.00E+02	1782324170028944236659322388480 440331489500344061621964898304	5625230218088721728557111647928320	2790163588693608018415873922433024 171120775327593609787714178121728
0136	1.400000000000000000e+05 1.291710751444522657e+03 4.000000000000000000e+00	9.00E+02	231200421794166421841990647808 35814780092819202837271543808	2647350627996856458737210013777920	4780337762054960465868770494119936 285760486978984001479729821515776
0137	1.400000000000000000e+05 1.291710751444522657e+03 4.500000000000000000e+00	9.00E+02	132490883186532816444442279936 17271732124065523855762915328	1766089579727368172702760391671808	9039458156350721629127016827584512 481060006705624103929358776795136
0138	1.400000000000000000e+05 1.626174978476519755e+03 3.500000000000000000e+00	1.13E+03	1362790539351120179612847439872 320080691969072003164665806848	5993551177279199896290522881327104	3181459378845040941272100717461504 195357532445713646874017883226112
0139	1.400000000000000000e+05 1.626174978476519755e+03 4.000000000000000000e+00	1.13E+03	178756325682363227066414923776 27174533173392481324776816640	2692803892425656517975335520698368	5027220756215600933257515934679040 299121354443976050067011608248320
0140	1.400000000000000000e+05 1.626174978476519755e+03 4.500000000000000000e+00	1.13E+03	103580812802009603879083180032 13402762217271443581736845312	1783185389776016238331642194690048	9402037650560720590354762776444928 498036202900512041974184477196288
0141	1.400000000000000000e+05 2.047228290505137920e+03 3.500000000000000000e+00	1.43E+03	1053854868206136142951805353984 235884799342042418005921497088	6341537781330481450777121868742656	3607733250182241043620048150724608 221770663632996877171359009996800
0142	1.400000000000000000e+05 2.047228290505137920e+03 4.000000000000000000e+00	1.43E+03	139314255474272013377926594560 20784163036264486699676991488	2724277287696256383590486281027584	5246891598645840117447202632105984 310257404229032053051137311375360
0143	1.400000000000000000e+05 2.047228290505137920e+03 4.500000000000000000e+00	1.43E+03	80972299268197609220268359680 10401082460627681723346321408	1794264622980536472546597102682112	9702477747742401942552481561051136 512057936907528042461518534541312
0144	1.400000000000000000e+05 2.577319587628865520e+03 3.500000000000000000e+00	1.80E+03	822994149756648055516497444864 176021354916140843254071427072	6671911245415600179268539146829824	4066332765498080497482063826386944 250018671336958431142817000587264
0145	1.400000000000000000e+05 2.577319587628865520e+03 4.000000000000000000e+00	1.80E+03	109948157272288816268237078528 16094731803067120132391174144	2746325111290568744813783307780096	5448470845694881153452253940547584 319569342744248055933446473646080
0146	1.400000000000000000e+05 2.577319587628865520e+03 4.500000000000000000e+00	1.80E+03	63206352603859211772210708480 8058534845128401536424083456	1796564199319072075472231475445760	9915001662410481898304521545711616 521830388759720118608398271905792
0147	1.400000000000000000e+05 3.244638181035417347e+03 3.500000000000000000e+00	2.26E+03	649706569468192107805502603264 132882319522962417920732299264	6953392546776320548770973793386496	4531241911599760736651530786045952 278368948885884851684662476537856
0148	1.400000000000000000e+05 3.244638181035417347e+03 4.000000000000000000e+00	2.26E+03	87753806707120811264108920832 12594860345512962792244641792	2752186190124808799479445074214912	5617844062619040803799471971368960 326127172276640035922542707343360
0149	1.400000000000000000e+05 3.244638181035417347e+03 4.500000000000000000e+00	2.26E+03	49444180659502407114846896128 6254428992329762039805247488	1791869355558992075800815083716608	10042420320128321654396350193729536 527353558457088054242041575505920
0150	1.400000000000000000e+05 4.084748052692324109e+03 3.500000000000000000e+00	2.85E+03	522153346164872116420768432128 102090125149525614948746526720	7212296733239841228278400909574144	5012418541812800456969306295500800 307335835850944046095749741543424
0151	1.400000000000000000e+05 4.084748052692324109e+03 4.000000000000000000e+00	2.85E+03	71225265359929609034982752256 10011350621614161999263956992	2742075829135743883724606494736384	5750645343756080104220737975353344 329655780962560052657307762294784
0152	1.400000000000000000e+05 4.084748052692324109e+03 4.500000000000000000e+00	2.85E+03	38811107129507209030850838528 4867745585690080322781184000	1776977430765871972198924614107136	10055338616334401021955601690787840 526836228539576032064315110457344
0153	1.400000000000000000e+05 5.142416805961092905e+03 3.500000000000000000e+00	3.58E+03	427323482903944041054217437184 79754331202286419168179781632	7429485588204560251085917786210304	5491950481536640188417364323205120 335878691704424064522054713475072
0154	1.400000000000000000e+05 5.142416805961092905e+03 4.000000000000000000e+00	3.58E+03	58831774937221616494452932608 8082218388172880825597034496	2715216538273936266729446533234688	5838441912415921228967172596826112 329691665118688062109486977908736
0155	1.400000000000000000e+05 5.142416805961092905e+03 4.500000000000000000e+00	3.58E+03	30638789605989603602971230208 3807159447863601083807956992	1746565608447392356186744799887360	9914493303532002184734614545760256 517862199161232112185227392057344
0156	1.400000000000000000e+05 6.473904288329098563e+03 3.500000000000000000e+00	4.51E+03	357352368800688107877298077696 63520039935344810173315153920	7602447220741522287802938136985600	5964305590034880911733340745236480 363826468635448064310109599170560
0157	1.400000000000000000e+05 6.473904288329098563e+03 4.000000000000000000e+00	4.51E+03	49640945448937602447577186304 6652473994179599951185575936	2665860871866216134329952330842112	5863710339022720691126898805178368 325343701534512057732344286543872
0158	1.400000000000000000e+05 6.473904288329098563e+03 4.500000000000000000e+00	4.51E+03	24493717579459922583231660032 3013312203921920275085524992	1704500406426344066494366476140544	9640487868031282079073124254482432 500871051234624068120402131419136
0159	1.400000000000000000e+05 8.150200155073142014e+03 3.500000000000000000e+00	5.68E+03	305550599083576067868093054976 51565532355936002247225245696	7714046946299600987545238539075584	6415369432563841695287046886653952 390613991185000094746475357011968
0160	1.400000000000000000e+05 8.150200155073142014e+03 4.000000000000000000e+00	5.68E+03	43038858790654414943166660608 5614106129689040202238001152	2596392135948752720793109943812096	5827527148260320935993114206666752 316818224107768039832714649534464
0161	1.400000000000000000e+05 8.150200155073142014e+03 4.500000000000000000e+00	5.68E+03	19902638837516723952258383872 2422135683444840306116132864	1647991831563776403841887200346112	9228717176462482350226028317638656 474974651895584116288366479147008
0162	1.400000000000000000e+05 1.026044683521766638e+04 3.500000000000000000e+00	7.15E+03	267906923166766419622571802624 42784380316780001021099245568	7751874827551201308009492922761216	6839310833752721687646503570505728 416313027665336030620322342371328
0163	1.400000000000000000e+05 1.026044683521766638e+04 4.000000000000000000e+00	7.15E+03	38337137233983202801563467776 4858834353584960826245120000	2495378236448432125700065682522112	5710634509673360878083176520482816 303585941535568031120541221912576
0164	1.400000000000000000e+05 1.026044683521766638e+04 4.500000000000000000e+00	7.15E+03	16445320008437680588453838848 1978607513702760024006197248	1571424013425656141164838861668352	8699635197818559883139383159685120 440292614997872096042800386146304
0165	1.600000000000000000e+05 1.026044683521766501e+03 3.500000000000000000e+00	4.82E+02	2622429081565960937828561977344 689502098614144055226824392704	6184125949782321300238211120889856	4034216445763520180289792137756672 270064159019328016255461275729920
0166	1.600000000000000000e+05 1.026044683521766501e+03 4.000000000000000000e+00	4.82E+02	354885333066888077284925767680 55618647790593612890108854272	3028622777203200518705362182864896	6446768069175840958744605807869952 385518441014824049573719422533632
0167	1.600000000000000000e+05 1.026044683521766501e+03 4.500000000000000000e+00	4.82E+02	216238223861962448817495212032 27952232547076561968442638336	1966921240190408375278664039792640	11177585695774161927433737885188096 563485913331640126249211625734144
0168	1.600000000000000000e+05 1.291710751444522657e+03 3.500000000000000000e+00	6.06E+02	2019183523244496235224960598016 503362009739176057914081148928	6752112334361680768474785234550784	4633990211979600083236844904382464 310350104965696047445269435908096
0169	1.600000000000000000e+05 1.291710751444522657e+03 4.000000000000000000e+00	6.06E+02	274488974504544831437226901504 42123513774756001270300934144	3145545319253600356309734761955328	6996423630666480582476551568752640 417856046378840076776058424131584
0170	1.600000000000000000e+05 1.291710751444522657e+03 4.500000000000000000e+00	6.07E+02	170842075048332817027752263680 21887600837200487716436836352	2018932334151600198333103666626560	11971373132788962687000840622833664 598084220531720100420494869659648
0171	1.600000000000000000e+05 1.626174978476519755e+03 3.500000000000000000e+00	7.63E+02	1565425378659592204138810703872 369983591757744033700763402240	7337891279687840587951645808132096	5320035470220080817299106685779968 356646647063504040579230358044672
0172	1.600000000000000000e+05 1.626174978476519755e+03 4.000000000000000000e+00	7.64E+02	213558574503104043173164351488 32094490206248806102832513024	3252480104515040565457310575493120	7556635114751440837006327791222784 450172719318448056431029694496768
0173	1.600000000000000000e+05 1.626174978476519755e+03 4.500000000000000000e+00	7.64E+02	134771321308467207990434332672 17122633455353681158927810560	2062071070510144188337625050906624	12725030121867283948731137727135744 629940380134352042839692583895040
0174	1.600000000000000000e+05 2.047228290505137920e+03 3.500000000000000000e+00	9.61E+02	1230186621072784060857939132416 275674347795306431499699486720	7900704365092081275562836029865984	6069476070953360860311954898550784 407428708677312026285291606114304
0175	1.600000000000000000e+05 2.047228290505137920e+03 4.000000000000000000e+00	9.61E+02	168846317898347250544770285568 24848940821663681091261693952	3361029676802240407319416674451456	8150966450621439906852816505798656 483847009498232093453472797556736
0176	1.600000000000000000e+05 2.047228290505137920e+03 4.500000000000000000e+00	9.61E+02	106312494187253622272058982400 13397708531950084173498155008	2103227207242616430728380680241152	13471570086646882302953709191036928 661123711809584186332898704490496
0177	1.600000000000000000e+05 2.577319587628865520e+03 3.500000000000000000e+00	1.21E+03	979042383371944267959163158528 208355670899178450993847205888	8471292350990721176880824142790656	6906713240346482028071237732794368 464239308520624086747986280841216
0178	1.600000000000000000e+05 2.577319587628865520e+03 4.000000000000000000e+00	1.21E+03	134939976842268816555764613120 19439344478440803720587378688	3449693445901840331351233921024000	8728163101940320696265614045478912 515661304252048012835529087254528
0179	1.600000000000000000e+05 2.577319587628865520e+03 4.500000000000000000e+00	1.21E+03	83947095811208803465648144384 10493723390364800894774542336	2143064601237384127593166531461120	14210873413274000936733824656605184 691711964562360203101463681957888
0180	1.600000000000000000e+05 3.244638181035417347e+03 3.500000000000000000e+00	1.52E+03	792875381379880092983449616384 160330409579904016438253322240	9052675487191201099473626467401728	7837757574550881544332534509207552 527485133696224064880834020114432
0181	1.600000000000000000e+05 3.244638181035417347e+03 4.000000000000000000e+00	1.52E+03	110051623255791209669963284480 15506620387592643299854254080	3531329901093040145723144026456064	9318158435611521734459923510591488 547541386625432153709763713040384
0182	1.600000000000000000e+05 3.244638181035417347e+03 4.500000000000000000e+00	1.52E+03	66287605476716810363553710080 8216724166726000384227147776	2172259352593856293714862574403584	14881727712086964634940975494463488 718810483131688075264735848693760
0183	1.600000000000000000e+05 4.084748052692324109e+03 3.500000000000000000e+00	1.92E+03	654867907257936121142957834240 125759015496920021912294260736	9622097238015681522258121509044224	8850139329312081348639135551717376 596290012725320132214692354457600
0184	1.600000000000000000e+05 4.084748052692324109e+03 4.000000000000000000e+00	1.92E+03	91539884213259220073343614976 12601110169371922619936276480	3604443869203840489419860883800064	9922746659441442485238389150842880 579633783589240056274216376336384
0185	1.600000000000000000e+05 4.084748052692324109e+03 4.500000000000000000e+00	1.92E+03	52432433761061611026874630144 6442731101611441056951304192	2188541788436936529401517025787904	15458206680283282641236803356459008 741142389628680072967421268328448
0186	1.600000000000000000e+05 5.142416805961092905e+03 3.500000000000000000e+00	2.41E+03	551688997004560099870389567488 100509129037452799847270711296	10148757036120961081508457418326016	9919008726511441200396412366356480 669218579362792126835174773096448
0187	1.600000000000000000e+05 5.142416805961092905e+03 4.000000000000000000e+00	2.41E+03	77505889786232811904519110656 10409036781902723303245611008	3640746673820000516252889660784640	10472581641712720787136944269164544 608131784247560080899695838232576
0188	1.600000000000000000e+05 5.142416805961092905e+03 4.500000000000000000e+00	2.41E+03	41790987261303212205731217408 5087775269681600735238684672	2192094319893608528418536878505984	15942373656840321660045903383232512 758773471672904201528916163166208
0189	1.600000000000000000e+05 6.473904288329098563e+03 3.500000000000000000e+00	3.04E+03	476960241868000073919546523648 82318852226900821273804275712	10666535505584561507907372150947840	11084316793304800766353056622182400 749210344064792096452555472633856
0190	1.600000000000000000e+05 6.473904288329098563e+03 4.000000000000000000e+00	3.04E+03	67426628399146412314166558720 8822807563727920935192231936	3657701937590480118519971478241280	11030640076430000762766343706509312 637144124477048120910420660715520
0191	1.600000000000000000e+05 6.473904288329098563e+03 4.500000000000000000e+00	3.04E+03	33636611815849602074529497088 4054819932073680300463357952	2175423139025808274400467302219776	16277142930051121438342883517136896 768758238115520111423607975968768
0192	1.600000000000000000e+05 8.150200155073142014e+03 3.500000000000000000e+00	3.83E+03	422500054251072076942986444800 68987290156080018085919064064	11138860710619360145685904466378752	12334670310121522125502547035684864 835912445962728176302786619637760
0193	1.600000000000000000e+05 8.150200155073142014e+03 4.000000000000000000e+00	3.83E+03	59954051920124799378585026560 7633367401938481205798240256	3631955055568640722484773162844160	11551438795701040843811770152779776 664386179670888102940003727835136
0194	1.600000000000000000e+05 8.150200155073142014e+03 4.500000000000000000e+00	3.83E+03	27466032135005602610291933184 3275864612925120535785897984	2140501874420576503389947269480448	16474774919926081578723409183899648 771769516883928033923052527943680
0195	1.600000000000000000e+05 1.026044683521766638e+04 3.500000000000000000e+00	4.82E+03	383428188920368051238184419328 59183439667276012270269759488	11533407007246721102094499942760448	13660739396368321379126406788677632 929193309817464067516699617787904
0196	1.600000000000000000e+05 1.026044683521766638e+04 4.000000000000000000e+00	4.82E+03	54526274271130416303044558848 6748553822212321153174732800	3546341439739920809254654826250240	12016886204144641729167083612143616 689373513721352079528010723622912
0197	1.600000000000000000e+05 1.026044683521766638e+04 4.500000000000000000e+00	4.82E+03	22767779380093444219534835712 2685017030545880572214902784	2073604836358952302088203230248960	16443226765996879958029161977610240 763489247857392248747700286128128
0198	1.800000000000000000e+05 1.026044683521766501e+03 3.500000000000000000e+00	3.46E+02	2881070117551208609770085810176 758001962316152127785552314368	6665930552727601582285890112192512	5127816007227761153863957874737152 353288488119192050727918067777536
0199	1.800000000000000000e+05 1.026044683521766501e+03 4.000000000000000000e+00	3.46E+02	401495861530816117659607760896 62430955796860005393897619456	3217493052290240645012206244593664	7537526801613280955838869188640768 450002269576840029547576929812480
0200	1.800000000000000000e+05 1.026044683521766501e+03 4.500000000000000000e+00	3.46E+02	257314518347049648994115387392 32917732554752007269030821888	2067432761504936405695635054919680	12519683038424803001111179348148224 619031596671440051680972554371072
0201	1.800000000000000000e+05 1.291710751444522657e+03 3.500000000000000000e+00	4.35E+02	2230935928555824001265946329088 555136866339192060997804228608	7310260479469281236108993957462016	5899325363979761173301906617925632 406962214647648047522149878988800
0202	1.800000000000000000e+05 1.291710751444522657e+03 4.000000000000000000e+00	4.35E+02	310553448517088055314847105024 47234314711286402933183217664	3345629393130640301917243053178880	8183621032697921446691686997557248 488601660185192012801729164738560
0203	1.800000000000000000e+05 1.291710751444522657e+03 4.500000000000000000e+00	4.35E+02	202843565483283237247362531328 25708545781709924453517885440	2115131776038080233825111206002688	13343942104684961783157827078979584 654449258769776013494633434710016
0204	1.800000000000000000e+05 1.626174978476519755e+03 3.500000000000000000e+00	5.48E+02	1743213430195768235805206642688 410060213460032077494503866368	7986138560140161357704840402173952	6790508381418641514819321010847744 469197302758976107696987561787392
0205	1.800000000000000000e+05 1.626174978476519755e+03 4.000000000000000000e+00	5.48E+02	242476419788121615584014106624 36067464358887208433578147840	3468143882844320447555106452275200	8864552798690161230135177762570240 528800886087584027153570390343680
0206	1.800000000000000000e+05 1.626174978476519755e+03 4.500000000000000000e+00	5.48E+02	160361808216516012605486137344 20148744341627923943038910464	2163724904128080219408992605044736	14191466065501439799857503304417280 690336405244119960863917146636288
0207	1.800000000000000000e+05 2.047228290505137920e+03 3.500000000000000000e+00	6.90E+02	1386740223220216161347915743232 308185094212640078019040378880	8663123068958320245523805525508096	7789732612266240255246677592506368 539338866603840040735761921736704
0208	1.800000000000000000e+05 2.047228290505137920e+03 4.000000000000000000e+00	6.90E+02	192732606424950443034181369856 28031387014802243942193561600	3594426208951440504807876921917440	9605321395025841751079153655873536 572041294221824031929667212541952
0209	1.800000000000000000e+05 2.047228290505137920e+03 4.500000000000000000e+00	6.90E+02	126636981183518426325546172416 15777246731724641993815490560	2208278074307336395838126806794240	15034085858313763970710737315168256 725511849288592165120142982774784
0210	1.800000000000000000e+05 2.577319587628865520e+03 3.500000000000000000e+00	8.68E+02	1120228595657560183515971059712 235201804237072862172290220032	9365734845944561716443238606307328	8929323700501202510705567639535616 619620694901208020705463412719616
0211	1.800000000000000000e+05 2.577319587628865520e+03 4.000000000000000000e+00	8.69E+02	155622408295910401544766357504 22119023740762643493017354240	3705278347923520100503286573957120	10363762938254561198642667223777280 615649514956376151604999504265216
0212	1.800000000000000000e+05 2.577319587628865520e+03 4.500000000000000000e+00	8.69E+02	100477730400840803680037896192 12412628639309601450800185344	2252589026432728166191479622991872	15903379540514563013969660535111680 761674107626584160936936001765376
0213	1.800000000000000000e+05 3.244638181035417347e+03 3.500000000000000000e+00	1.09E+03	920279087366000293620333150208 182684444639841641155465838592	10068854981809281748011074080210944	10194868176745441482170921300000768 708990185737992106610940553723904
0214	1.800000000000000000e+05 3.244638181035417347e+03 4.000000000000000000e+00	1.09E+03	128061283147165623862081617920 17771179770440401207309631488	3813798016747280739131710083432448	11179469613970883036162696027308032 662047728829880123481738845356032
0215	1.800000000000000000e+05 3.244638181035417347e+03 4.500000000000000000e+00	1.09E+03	79577302698721618661795168256 9745329410851921731612835840	2289495881010376412184186894417920	16745790009082802962354327261282304 796251482402256159618445552386048
0216	1.800000000000000000e+05 4.084748052692324109e+03 3.500000000000000000e+00	1.38E+03	771183409000504167392534855680 144643650728548820777334472704	10772064828064319965740709625987072	11600271151498561949254892212191232 808670390768888266330797590446080
0217	1.800000000000000000e+05 4.084748052692324109e+03 4.000000000000000000e+00	1.38E+03	107673101773773632107341414400 14573751942118402283651727360	3905691359898401081514092507693056	12028907396447523094207269894619136 709968028992480021909252499046400
0218	1.800000000000000000e+05 4.084748052692324109e+03 4.500000000000000000e+00	1.38E+03	63168674239924812853094121472 7665812659770881863220985856	2313397719337968373059750260113408	17522532471936802474728034289057792 827476678926304182033605021663232
0219	1.800000000000000000e+05 5.142416805961092905e+03 3.500000000000000000e+00	1.73E+03	663997434646167941619300433920 117625871510508816477603233792	11493874628579041809832410594934784	13188234770552881757338255902113792 921828086772192199112744203452416
0220	1.800000000000000000e+05 5.142416805961092905e+03 4.000000000000000000e+00	1.73E+03	92461209921845611654218252288 12191612141024562946292842496	3967591529219200452988640528695296	12882800794976721455603267189866496 758016914047872212413453644595200
0221	1.800000000000000000e+05 5.142416805961092905e+03 4.500000000000000000e+00	1.73E+03	50524592793589603905428258816 6073154196956480814020820992	2324790938908608311678904605605888	18237524282787203819942376974057472 855579953867216174742707149733888
0222	1.800000000000000000e+05 6.473904288329098563e+03 3.500000000000000000e+00	2.18E+03	583243131626448108350133501952 97521474005162419234713632768	12158957558948080757231938221113344	14893689097462961828906273563738112 1044261837134584161353617782079488
0223	1.800000000000000000e+05 6.473904288329098563e+03 4.000000000000000000e+00	2.18E+03	81670844174156007890183258112 10481582584208161145324830720	4008349949887920512555349643886592	13802571523464242169635782254395392 810141641170136005351799089266688
0224	1.800000000000000000e+05 6.473904288329098563e+03 4.500000000000000000e+00	2.18E+03	41006320380637609723483389952 4879766777992961019846066176	2323340620931768331974894686306304	18896805941248881695604360316190720 880842399781328055663035376730112
0225	1.800000000000000000e+05 8.150200155073142014e+03 3.500000000000000000e+00	2.75E+03	525774655587456096587418173440 82987493669419216054465331200	12803676230714481005847209494708224	16802636493082242671981230961983488 1182756737710600288983108309483520
0226	1.800000000000000000e+05 8.150200155073142014e+03 4.000000000000000000e+00	2.75E+03	73582854417539215541061812224 9183772270912160137182445568	4002638388370880509283366948831232	14741091723528641949738023386087424 864006749864608148634445434322944
0227	1.800000000000000000e+05 8.150200155073142014e+03 4.500000000000000000e+00	2.75E+03	33732900968126401755631058944 3971299558685760204195233792	2293476031994240373719688154185728	19384890271516562983265055698583552 898006987795888133403794506514432
0228	1.800000000000000000e+05 1.026044683521766638e+04 3.500000000000000000e+00	3.46E+03	482740581350952021749412134912 71935173581995210590188994560	13348308010347201900347450435043328	18858589314972564239112452324720640 1333748295658192267583895363387392
0229	1.800000000000000000e+05 1.026044683521766638e+04 4.000000000000000000e+00	3.46E+03	67466100970887210762950934528 8186192730553761057636089856	3918220911079761007202681183272960	15632902713699762276524588957433856 916188293567408070629931863769088
0230	1.800000000000000000e+05 1.026044683521766638e+04 4.500000000000000000e+00	3.46E+03	28168105649649923287251156992 3278346600390640801419362304	2233166726928448580619821582909440	19703571481396643687962593550401536 907501337438088226368277870280704
